# name: Mikus Lorence
# ONE Card number: 1227388
# Unix id: lorencs

#CFLAGS = -g -O0

esim: esim.o 
	gcc $(CFLAGS) -Wall -Wno-format -std=c99 -o esim esim.o -lm

esim.o: esim.c 
	gcc $(CFLAGS) -Wall -Wno-format -std=c99 -c esim.c
	
clean:
	-rm -f *.exe esim core
	-rm -f *.o esim core

# these are tests that I ran in order to obtain my graphs:

k0-1: 
	./esim 100 0 8000 0.00001 100000000 5 1 2 3 4 5
k0-2: 
	./esim 100 0 8000 0.00005 100000000 5 6 7 8 9 10
k0-3: 
	./esim 100 0 8000 0.0001 100000000 5 11 12 13 14 15
k0-9: 
	./esim 100 0 8000 0.0002 100000000 5 41 42 43 44 45
k0-4: 
	./esim 100 0 8000 0.0003 100000000 5 16 17 18 19 20
k0-10: 
	./esim 100 0 8000 0.0004 100000000 5 46 47 48 49 50
k0-5: 
	./esim 100 0 8000 0.0005 100000000 5 21 22 23 24 25
k0-6: 
	./esim 100 0 8000 0.0007 100000000 5 26 27 28 29 30
k0-7: 
	./esim 100 0 8000 0.001 100000000 5 31 32 33 34 35 
k0-8: 
	./esim 100 0 8000 0.002 100000000 5 36 37 38 39 40

k1-1: 
	./esim 100 1 8000 0.00001 100000000 5 51 52 53 54 55
k1-2: 
	./esim 100 1 8000 0.00005 100000000 5 56 57 58 59 60
k1-3: 
	./esim 100 1 8000 0.0001 100000000 5 61 62 63 64 65
k1-9: 
	./esim 100 1 8000 0.0002 100000000 5 91 92 93 94 95	
k1-4: 
	./esim 100 1 8000 0.0003 100000000 5 66 67 68 69 70
k1-10: 
	./esim 100 1 8000 0.0004 100000000 5 96 97 98 99 100
k1-5: 
	./esim 100 1 8000 0.0005 100000000 5 71 72 73 74 75
k1-6: 
	./esim 100 1 8000 0.0007 100000000 5 76 77 78 79 80
k1-7: 
	./esim 100 1 8000 0.001 100000000 5 81 82 83 84 85
k1-8: 
	./esim 100 1 8000 0.002 100000000 5 86 87 88 89 90

k5-1: 
	./esim 100 5 8000 0.00001 100000000 5 101 102 103 104 105
k5-2: 
	./esim 100 5 8000 0.00005 100000000 5 106 107 108 109 110
k5-3:
	./esim 100 5 8000 0.0001 100000000 5 111 112 113 114 115 
k5-9: 
	./esim 100 5 8000 0.0002 100000000 5 141 142 143 144 145
k5-4: 
	./esim 100 5 8000 0.0003 100000000 5 116 117 118 119 120
k5-10:
	./esim 100 5 8000 0.0004 100000000 5 146 147 148 149 150 
k5-5: 
	./esim 100 5 8000 0.0005 100000000 5 121 122 123 124 125 
k5-6: 
	./esim 100 5 8000 0.0007 100000000 5 126 127 128 129 130
k5-7: 
	./esim 100 5 8000 0.001 100000000 5 131 132 133 134 135 
k5-8: 
	./esim 100 5 8000 0.002 100000000 5 136 137 138 139 140
	
k10-1: 
	./esim 100 10 8000 0.00001 100000000 5 151 152 153 154 155
k10-2:
	./esim 100 10 8000 0.00005 100000000 5 156 157 158 159 160 
k10-3: 
	./esim 100 10 8000 0.0001 100000000 5 161 162 163 164 165
k10-9: 
	./esim 100 10 8000 0.0002 100000000 5 191 192 193 194 195
k10-4: 
	./esim 100 10 8000 0.0003 100000000 5 166 167 168 169 170
k10-10: 
	./esim 100 10 8000 0.0004 100000000 5 196 197 198 199 200
k10-5: 
	./esim 100 10 8000 0.0005 100000000 5 171 172 173 174 175
k10-6: 
	./esim 100 10 8000 0.0007 100000000 5 176 177 178 179 180
k10-7: 
	./esim 100 10 8000 0.001 100000000 5 181 182 183 184 185
k10-8: 
	./esim 100 10 8000 0.002 100000000 5 186 187 188 189 190
	
k100-1: 
	./esim 100 100 8000 0.00001 100000000 5 201 202 203 204 205
k100-2: 
	./esim 100 100 8000 0.00005 100000000 5 206 207 208 209 210
k100-3: 
	./esim 100 100 8000 0.0001 100000000 5 211 212 213 214 215
k100-9: 
	./esim 100 100 8000 0.0002 100000000 5 241 242 243 244 245
k100-4: 
	./esim 100 100 8000 0.0003 100000000 5 216 217 218 219 220
k100-10: 
	./esim 100 100 8000 0.0004 100000000 5 246 247 248 249 250
k100-5: 
	./esim 100 100 8000 0.0005 100000000 5 221 222 223 224 225
k100-6: 
	./esim 100 100 8000 0.0007 100000000 5 226 227 228 229 230
k100-7: 
	./esim 100 100 8000 0.001 100000000 5 231 232 233 234 235
k100-8: 
	./esim 100 100 8000 0.002 100000000 5 236 237 238 239 240
	
k1000-1: 
	./esim 100 1000 8000 0.00001 100000000 5 251 252 253 254 255
k1000-2: 
	./esim 100 1000 8000 0.00005 100000000 5 256 257 258 259 260
k1000-3: 
	./esim 100 1000 8000 0.0001 100000000 5 261 262 263 264 265
k1000-9: 
	./esim 100 1000 8000 0.0002 100000000 5 291 292 293 294 295
k1000-4: 
	./esim 100 1000 8000 0.0003 100000000 5 266 267 268 269 270
k1000-10: 
	./esim 100 1000 8000 0.0004 100000000 5 296 297 298 299 300
k1000-5: 
	./esim 100 1000 8000 0.0005 100000000 5 271 272 273 274 275
k1000-6: 
	./esim 100 1000 8000 0.0007 100000000 5 276 277 278 279 280
k1000-7: 
	./esim 100 1000 8000 0.001 100000000 5 281 282 283 284 285 
k1000-8: 
	./esim 100 1000 8000 0.002 100000000 5 286 287 288 289 290
	
k8000-1: 
	./esim 100 8000 8000 0.00001 100000000 5 301 302 303 304 305
k8000-2: 
	./esim 100 8000 8000 0.00005 100000000 5 306 307 308 309 310
k8000-3: 
	./esim 100 8000 8000 0.0001 100000000 5 311 312 313 314 315
k8000-9: 
	./esim 100 8000 8000 0.0002 100000000 5 341 342 343 344 345
k8000-4: 
	./esim 100 8000 8000 0.0003 100000000 5 316 317 318 319 320
k8000-10: 
	./esim 100 8000 8000 0.0004 100000000 5 346 347 348 349 350
k8000-5: 
	./esim 100 8000 8000 0.0005 100000000 5 321 322 323 324 325
k8000-6: 
	./esim 100 8000 8000 0.0007 100000000 5 326 327 328 329 330
k8000-7: 
	./esim 100 8000 8000 0.001 100000000 5 331 332 333 334 335
k8000-8: 
	./esim 100 8000 8000 0.002 100000000 5 336 337 338 339 340