T 20 0.001 50000 5 
0.020084 0.019185 0.020983 
10.542121 9.867815 11.216427 
n1 0.000996 0.000837 0.001155 10.998531 8.883808 13.113254 0.000000 0.000000 0.000000 0.000000 0.000000 
n2 0.001120 0.000527 0.001713 10.315501 7.714836 12.916167 0.000000 0.000000 0.000000 0.000000 0.000000 
n3 0.000920 0.000678 0.001162 10.813171 8.338816 13.287527 0.000000 0.000000 0.000000 0.000000 0.000000 
n4 0.001064 0.000607 0.001521 9.862821 7.050150 12.675493 0.000000 0.000000 0.000000 0.000000 0.000000 
n5 0.001028 0.000530 0.001526 10.663781 8.412131 12.915430 0.000000 0.000000 0.000000 0.000000 0.000000 
n6 0.000964 0.000563 0.001365 10.977143 8.398775 13.555511 0.000000 0.000000 0.000000 0.000000 0.000000 
n7 0.001040 0.000687 0.001393 10.690385 9.555573 11.825198 0.000000 0.000000 0.000000 0.000000 0.000000 
n8 0.001036 0.000625 0.001447 11.792390 9.534709 14.050070 0.000000 0.000000 0.000000 0.000000 0.020000 
n9 0.000944 0.000298 0.001590 10.881182 8.507503 13.254860 0.000000 0.000000 0.000000 0.000000 0.000000 
n10 0.000868 0.000686 0.001050 10.423544 7.048572 13.798516 0.000000 0.000000 0.000000 0.000000 0.000000 
n11 0.001012 0.000660 0.001364 10.364331 7.106581 13.622081 0.000000 0.000000 0.000000 0.000000 0.000000 
n12 0.001060 0.000501 0.001619 10.309389 8.299492 12.319285 0.000000 0.000000 0.000000 0.000000 0.000000 
n13 0.000972 0.000698 0.001246 10.673418 8.699816 12.647019 0.000000 0.000000 0.000000 0.020000 0.000000 
n14 0.000908 0.000815 0.001001 10.283530 7.779705 12.787354 0.000000 0.000000 0.000000 0.021739 0.000000 
n15 0.001100 0.000920 0.001280 10.589675 6.877026 14.302324 0.000000 0.000000 0.000000 0.000000 0.000000 
n16 0.000980 0.000593 0.001367 9.974596 8.028176 11.921017 0.000000 0.000000 0.000000 0.000000 0.000000 
n17 0.000952 0.000606 0.001298 10.320513 9.124933 11.516093 0.000000 0.000000 0.000000 0.000000 0.000000 
n18 0.000956 0.000547 0.001365 10.045612 7.088695 13.002529 0.000000 0.000000 0.000000 0.000000 0.000000 
n19 0.001036 0.000669 0.001403 10.124449 7.327911 12.920986 0.000000 0.000000 0.000000 0.000000 0.000000 
n20 0.001128 0.000822 0.001434 10.698149 8.173732 13.222565 0.000000 0.000000 0.000000 0.000000 0.000000 
T 20 0.003 50000 5 
0.059496 0.057845 0.061147 
11.034711 10.756354 11.313068 
n1 0.003036 0.002449 0.003623 10.806999 9.391482 12.222517 0.000000 0.000000 0.000000 0.000000 0.000000 
n2 0.003060 0.002296 0.003824 10.603999 8.767404 12.440595 0.000000 0.000000 0.000000 0.000000 0.000000 
n3 0.002896 0.001874 0.003918 11.259882 9.507274 13.012489 0.000000 0.000000 0.000000 0.000000 0.000000 
n4 0.003056 0.002360 0.003752 11.161166 10.336625 11.985707 0.000000 0.000000 0.000000 0.000000 0.000000 
n5 0.003064 0.002104 0.004024 10.952861 9.942785 11.962938 0.000000 0.000000 0.000000 0.000000 0.000000 
n6 0.002976 0.002405 0.003547 11.418161 9.300968 13.535354 0.000000 0.000000 0.000000 0.000000 0.000000 
n7 0.002872 0.002648 0.003096 11.068135 10.023376 12.112894 0.000000 0.000000 0.000000 0.000000 0.000000 
n8 0.003104 0.002330 0.003878 11.392208 10.356254 12.428162 0.000000 0.000000 0.000000 0.000000 0.006667 
n9 0.002880 0.002189 0.003571 11.140518 9.187895 13.093141 0.000000 0.000000 0.000000 0.007092 0.000000 
n10 0.002732 0.002249 0.003215 11.103005 8.975575 13.230434 0.000000 0.000000 0.000000 0.000000 0.000000 
n11 0.003132 0.002721 0.003543 11.348652 9.376269 13.321034 0.000000 0.000000 0.000000 0.000000 0.000000 
n12 0.002892 0.002701 0.003083 10.850276 9.512514 12.188038 0.000000 0.000000 0.000000 0.000000 0.000000 
n13 0.002884 0.002657 0.003111 11.316252 9.394999 13.237504 0.000000 0.000000 0.000000 0.006993 0.000000 
n14 0.002856 0.002712 0.003000 10.720720 9.131798 12.309641 0.000000 0.000000 0.000000 0.007042 0.000000 
n15 0.003056 0.002308 0.003804 10.947734 10.203475 11.691993 0.000000 0.000000 0.000000 0.000000 0.000000 
n16 0.003008 0.002234 0.003782 11.067957 7.610509 14.525406 0.000000 0.000000 0.000000 0.000000 0.000000 
n17 0.003036 0.002524 0.003548 11.217580 9.496757 12.938403 0.000000 0.000000 0.000000 0.000000 0.000000 
n18 0.002944 0.002272 0.003616 10.619029 9.286791 11.951268 0.000000 0.000000 0.000000 0.000000 0.000000 
n19 0.002928 0.002181 0.003675 10.534679 9.444891 11.624467 0.000000 0.000000 0.000000 0.000000 0.000000 
n20 0.003084 0.002789 0.003379 11.103742 9.618763 12.588721 0.000000 0.000000 0.000000 0.000000 0.000000 
T 20 0.005 50000 5 
0.098636 0.094771 0.102501 
11.496101 11.110295 11.881907 
n1 0.005048 0.003811 0.006285 11.444332 10.012180 12.876484 0.000000 0.000000 0.000000 0.000000 0.000000 
n2 0.005024 0.004061 0.005987 11.353013 9.911790 12.794236 0.000000 0.000000 0.000000 0.000000 0.000000 
n3 0.004844 0.003564 0.006124 11.857105 9.710712 14.003498 0.000000 0.000000 0.000000 0.000000 0.000000 
n4 0.005080 0.003630 0.006530 11.387340 9.833982 12.940697 0.000000 0.000000 0.000000 0.000000 0.000000 
n5 0.005092 0.004522 0.005662 11.662922 10.811297 12.514548 0.000000 0.000000 0.000000 0.000000 0.000000 
n6 0.004820 0.003783 0.005857 11.794038 10.477835 13.110241 0.000000 0.000000 0.000000 0.000000 0.000000 
n7 0.004704 0.004325 0.005083 11.232466 9.943407 12.521525 0.004219 0.000000 0.000000 0.000000 0.000000 
n8 0.005212 0.004484 0.005940 11.555784 10.166243 12.945325 0.000000 0.000000 0.000000 0.000000 0.003953 
n9 0.004932 0.003775 0.006089 11.398126 9.522842 13.273409 0.000000 0.000000 0.000000 0.004184 0.000000 
n10 0.004828 0.004510 0.005146 11.464844 10.320917 12.608771 0.000000 0.004132 0.000000 0.000000 0.004049 
n11 0.005036 0.004198 0.005874 11.912676 9.951158 13.874195 0.000000 0.000000 0.000000 0.000000 0.000000 
n12 0.004676 0.004111 0.005241 11.167317 10.556430 11.778203 0.000000 0.000000 0.000000 0.000000 0.000000 
n13 0.004768 0.004121 0.005415 11.675299 9.607200 13.743398 0.000000 0.000000 0.000000 0.003968 0.000000 
n14 0.004880 0.004310 0.005450 11.372457 9.576585 13.168329 0.000000 0.000000 0.000000 0.003984 0.000000 
n15 0.004804 0.003714 0.005894 11.497753 10.840363 12.155142 0.000000 0.000000 0.000000 0.000000 0.000000 
n16 0.005016 0.003689 0.006343 11.446718 9.242364 13.651073 0.000000 0.000000 0.000000 0.000000 0.000000 
n17 0.005188 0.004868 0.005508 11.405263 10.112566 12.697959 0.000000 0.000000 0.000000 0.000000 0.000000 
n18 0.004900 0.003438 0.006362 11.285463 9.835888 12.735039 0.000000 0.000000 0.000000 0.000000 0.000000 
n19 0.004792 0.004020 0.005564 11.308221 9.736663 12.879779 0.000000 0.000000 0.000000 0.000000 0.000000 
n20 0.004992 0.004589 0.005395 11.481454 10.039967 12.922941 0.000000 0.000000 0.000000 0.000000 0.000000 
T 20 0.007 50000 5 
0.138864 0.131555 0.146173 
11.968849 11.660495 12.277203 
n1 0.007080 0.006006 0.008154 11.997204 10.976016 13.018393 0.000000 0.000000 0.000000 0.002618 0.000000 
n2 0.006968 0.006089 0.007847 11.823765 10.400930 13.246599 0.000000 0.000000 0.000000 0.000000 0.000000 
n3 0.006616 0.005006 0.008226 12.366789 11.124115 13.609464 0.000000 0.000000 0.000000 0.000000 0.000000 
n4 0.007112 0.005726 0.008498 11.914407 10.697286 13.131528 0.000000 0.000000 0.000000 0.000000 0.000000 
n5 0.007140 0.006470 0.007810 12.114896 10.884572 13.345219 0.000000 0.000000 0.000000 0.000000 0.000000 
n6 0.006796 0.005895 0.007697 12.348835 11.364787 13.332884 0.000000 0.000000 0.000000 0.000000 0.000000 
n7 0.006676 0.005911 0.007441 11.714727 10.455455 12.973999 0.003058 0.000000 0.000000 0.000000 0.000000 
n8 0.007284 0.006505 0.008063 12.052271 11.238132 12.866410 0.000000 0.002778 0.000000 0.000000 0.002825 
n9 0.007004 0.005480 0.008528 11.902404 10.395796 13.409013 0.000000 0.000000 0.000000 0.002950 0.000000 
n10 0.006968 0.006483 0.007453 11.791760 11.267396 12.316124 0.002825 0.002770 0.002865 0.000000 0.002959 
n11 0.007156 0.006012 0.008300 12.232168 10.460158 14.004178 0.000000 0.000000 0.000000 0.000000 0.000000 
n12 0.006828 0.006112 0.007544 11.855802 10.865784 12.845820 0.000000 0.000000 0.000000 0.000000 0.000000 
n13 0.006868 0.006285 0.007451 12.121696 10.208786 14.034607 0.000000 0.000000 0.000000 0.002874 0.000000 
n14 0.006776 0.005900 0.007652 11.924345 11.098737 12.749952 0.000000 0.000000 0.000000 0.002833 0.000000 
n15 0.006828 0.005390 0.008266 12.088124 11.586210 12.590038 0.000000 0.000000 0.000000 0.000000 0.000000 
n16 0.006944 0.005088 0.008800 11.937850 9.968234 13.907466 0.000000 0.000000 0.000000 0.000000 0.000000 
n17 0.007228 0.006850 0.007606 11.926112 10.806181 13.046042 0.000000 0.000000 0.000000 0.000000 0.000000 
n18 0.006916 0.005104 0.008728 11.672257 10.486646 12.857868 0.000000 0.000000 0.000000 0.000000 0.000000 
n19 0.006728 0.006178 0.007278 11.623885 10.261025 12.986745 0.000000 0.000000 0.000000 0.000000 0.000000 
n20 0.006948 0.005804 0.008092 11.837399 10.945537 12.729262 0.000000 0.000000 0.000000 0.000000 0.000000 
T 20 0.01 50000 5 
0.199176 0.190502 0.207850 
12.872375 12.754127 12.990623 
n1 0.010084 0.009221 0.010947 12.815005 12.140986 13.489024 0.000000 0.002016 0.000000 0.001887 0.000000 
n2 0.010236 0.009037 0.011435 12.795281 11.518940 14.071621 0.000000 0.000000 0.000000 0.000000 0.000000 
n3 0.009460 0.008192 0.010728 13.386345 12.104984 14.667706 0.000000 0.000000 0.000000 0.000000 0.000000 
n4 0.010036 0.008765 0.011307 12.830280 11.706788 13.953773 0.000000 0.000000 0.000000 0.000000 0.000000 
n5 0.010200 0.009675 0.010725 13.037543 11.894482 14.180603 0.000000 0.000000 0.000000 0.000000 0.000000 
n6 0.009856 0.008383 0.011329 13.266783 12.234280 14.299286 0.000000 0.000000 0.000000 0.000000 0.000000 
n7 0.009656 0.008550 0.010762 12.720718 11.624240 13.817195 0.002110 0.000000 0.000000 0.000000 0.000000 
n8 0.010332 0.009160 0.011504 13.028013 12.495192 13.560834 0.000000 0.005747 0.000000 0.000000 0.002012 
n9 0.010152 0.008637 0.011667 12.869204 11.694709 14.043699 0.000000 0.000000 0.000000 0.002012 0.000000 
n10 0.009960 0.009288 0.010632 13.008630 11.794859 14.222400 0.002075 0.001938 0.001996 0.000000 0.002012 
n11 0.010152 0.008399 0.011905 13.047682 11.312107 14.783257 0.000000 0.000000 0.000000 0.000000 0.000000 
n12 0.009860 0.008756 0.010964 12.872627 11.570917 14.174336 0.000000 0.000000 0.000000 0.000000 0.000000 
n13 0.009924 0.009262 0.010586 12.883330 11.777731 13.988929 0.000000 0.000000 0.000000 0.002004 0.000000 
n14 0.009676 0.008831 0.010521 12.476075 11.375269 13.576881 0.000000 0.000000 0.000000 0.002062 0.000000 
n15 0.009892 0.008313 0.011471 12.962285 12.272468 13.652103 0.000000 0.000000 0.000000 0.000000 0.000000 
n16 0.009864 0.007742 0.011986 12.662048 11.401352 13.922743 0.000000 0.000000 0.000000 0.000000 0.000000 
n17 0.010412 0.009727 0.011097 12.915754 11.668252 14.163256 0.000000 0.000000 0.000000 0.000000 0.000000 
n18 0.009864 0.007277 0.012451 12.480690 11.675533 13.285847 0.000000 0.000000 0.000000 0.000000 0.000000 
n19 0.009592 0.008689 0.010495 12.486428 11.775283 13.197572 0.000000 0.000000 0.000000 0.000000 0.000000 
n20 0.009968 0.008510 0.011426 12.752609 11.146571 14.358647 0.000000 0.000000 0.000000 0.000000 0.000000 
T 20 0.02 50000 5 
0.399664 0.389705 0.409623 
16.798908 16.394751 17.203065 
n1 0.020184 0.018597 0.021771 16.652675 14.645603 18.659747 0.000000 0.000998 0.000000 0.000998 0.000000 
n2 0.020284 0.018207 0.022361 17.005773 15.183466 18.828080 0.000000 0.001887 0.001980 0.000000 0.000955 
n3 0.019616 0.017446 0.021786 16.595705 14.475965 18.715445 0.000000 0.000000 0.000000 0.000000 0.000000 
n4 0.019880 0.017529 0.022231 16.783702 15.649341 17.918062 0.000000 0.000000 0.000978 0.000000 0.000966 
n5 0.020228 0.018590 0.021866 17.045798 15.990350 18.101245 0.000000 0.000000 0.000000 0.000000 0.000000 
n6 0.019640 0.017554 0.021726 17.069055 13.466341 20.671768 0.000975 0.000000 0.001050 0.000000 0.000000 
n7 0.020088 0.018668 0.021508 16.764641 14.084502 19.444780 0.000984 0.000000 0.000000 0.000980 0.000000 
n8 0.020500 0.019092 0.021908 16.727560 15.961402 17.493718 0.000000 0.002959 0.000000 0.000000 0.000991 
n9 0.020240 0.018850 0.021630 16.840174 14.248737 19.431612 0.000000 0.000000 0.000000 0.001001 0.000000 
n10 0.019716 0.018135 0.021297 16.890752 15.295536 18.485968 0.001030 0.000970 0.002092 0.000000 0.001015 
n11 0.019972 0.018356 0.021588 16.877165 14.766589 18.987742 0.000000 0.000000 0.000000 0.000000 0.002051 
n12 0.019784 0.019322 0.020246 16.782329 16.089210 17.475448 0.000000 0.000000 0.000000 0.000000 0.000000 
n13 0.019728 0.018464 0.020992 17.187779 15.516524 18.859033 0.000000 0.001026 0.000000 0.001017 0.000000 
n14 0.020256 0.019369 0.021143 17.044496 13.603025 20.485966 0.000990 0.000000 0.000000 0.001001 0.000000 
n15 0.019612 0.018167 0.021057 16.604495 15.043320 18.165670 0.000000 0.000000 0.000000 0.000000 0.000000 
n16 0.019604 0.016679 0.022529 16.256979 13.552532 18.961426 0.000000 0.000000 0.000000 0.000000 0.000000 
n17 0.020496 0.019718 0.021274 16.923988 15.434333 18.413644 0.000977 0.000000 0.000000 0.000000 0.000000 
n18 0.019900 0.016551 0.023249 16.737365 14.605284 18.869446 0.000000 0.000000 0.000000 0.001046 0.000000 
n19 0.019720 0.017914 0.021526 16.682679 14.775444 18.589914 0.000000 0.000000 0.000000 0.000000 0.000000 
n20 0.020216 0.017424 0.023008 16.277846 14.382801 18.172891 0.000000 0.000000 0.000000 0.001040 0.000000 
T 20 0.03 50000 5 
0.600228 0.584910 0.615546 
24.628745 23.940627 25.316863 
n1 0.030320 0.028959 0.031681 25.254150 22.663712 27.844588 0.001308 0.000659 0.000000 0.000665 0.000000 
n2 0.030340 0.028214 0.032466 25.827615 20.171677 31.483553 0.000669 0.001266 0.001325 0.000000 0.000654 
n3 0.029236 0.026133 0.032339 23.416165 20.360356 26.471973 0.000000 0.000668 0.000000 0.000000 0.000000 
n4 0.030172 0.026917 0.033427 24.508341 18.763777 30.252905 0.001354 0.000665 0.001291 0.000000 0.000631 
n5 0.030112 0.027329 0.032895 25.481870 22.396733 28.567006 0.000000 0.000000 0.000660 0.000703 0.000000 
n6 0.029844 0.026887 0.032801 25.413037 17.254291 33.571782 0.000633 0.000680 0.000696 0.000000 0.001348 
n7 0.030116 0.027965 0.032267 24.607202 20.154110 29.060293 0.000644 0.000000 0.000000 0.001988 0.000000 
n8 0.030564 0.028510 0.032618 24.655408 23.165427 26.145388 0.000000 0.001976 0.000000 0.000664 0.000669 
n9 0.030220 0.028159 0.032281 25.001031 19.066291 30.935771 0.000675 0.000669 0.000000 0.000668 0.000662 
n10 0.029904 0.027712 0.032096 24.514562 21.988557 27.040567 0.000680 0.001278 0.001347 0.000000 0.000669 
n11 0.030068 0.029385 0.030751 24.255749 21.825881 26.685618 0.000665 0.000000 0.000000 0.000000 0.001341 
n12 0.029828 0.027923 0.031733 24.081503 20.061819 28.101187 0.000678 0.000000 0.000000 0.000000 0.000665 
n13 0.029716 0.028728 0.030704 24.501893 20.728429 28.275358 0.000667 0.000682 0.000668 0.000681 0.000000 
n14 0.030112 0.027908 0.032316 25.699233 19.098936 32.299530 0.000655 0.001311 0.000654 0.000696 0.000000 
n15 0.029720 0.026758 0.032682 23.467457 18.468390 28.466524 0.000667 0.000000 0.000000 0.000635 0.001384 
n16 0.029452 0.026094 0.032810 22.975797 19.518750 26.432843 0.000000 0.001967 0.000670 0.000000 0.000699 
n17 0.030660 0.029646 0.031674 25.505506 21.914228 29.096783 0.002572 0.000000 0.000000 0.000000 0.000000 
n18 0.029928 0.025928 0.033928 25.301277 20.403323 30.199232 0.000000 0.000000 0.000000 0.001386 0.000696 
n19 0.029684 0.027664 0.031704 23.376166 21.498657 25.253675 0.000000 0.000000 0.000000 0.000000 0.000697 
n20 0.030232 0.026820 0.033644 24.143677 19.722018 28.565336 0.000000 0.000644 0.000000 0.000678 0.000000 
T 20 0.04 50000 5 
0.798680 0.787116 0.810244 
47.509933 44.879553 50.140314 
n1 0.040452 0.039504 0.041400 48.664649 36.385263 60.944035 0.000977 0.000986 0.000000 0.001497 0.000000 
n2 0.040348 0.037737 0.042959 52.302622 37.117261 67.487983 0.000993 0.001430 0.001997 0.000000 0.000497 
n3 0.038988 0.035419 0.042557 41.533082 27.416928 55.649236 0.000000 0.000501 0.000523 0.001036 0.000000 
n4 0.040408 0.038345 0.042471 48.447405 34.642448 62.252363 0.001982 0.001492 0.001937 0.000000 0.001461 
n5 0.039792 0.036463 0.043121 47.288200 31.609194 62.967205 0.000000 0.000000 0.001493 0.004219 0.002450 
n6 0.039560 0.036572 0.042548 46.604057 24.781815 68.426299 0.000489 0.001007 0.001050 0.000000 0.001023 
n7 0.040120 0.037465 0.042775 48.228346 31.810618 64.646074 0.000967 0.000000 0.000000 0.001473 0.000998 
n8 0.040368 0.038745 0.041991 48.192814 33.325292 63.060336 0.000000 0.002476 0.000000 0.000496 0.000505 
n9 0.040024 0.037714 0.042334 46.595498 31.069831 62.121164 0.001507 0.001011 0.001444 0.000503 0.000505 
n10 0.039972 0.037486 0.042458 49.600706 32.017223 67.184189 0.001009 0.001444 0.001016 0.001523 0.000499 
n11 0.040032 0.038693 0.041371 44.037669 33.515392 54.559945 0.001007 0.000508 0.000000 0.000496 0.000995 
n12 0.040148 0.038090 0.042206 47.405204 37.309426 57.500982 0.001016 0.000486 0.003509 0.000000 0.000491 
n13 0.039592 0.038021 0.041163 46.720275 38.856188 54.584362 0.000500 0.001034 0.000504 0.000505 0.000000 
n14 0.040184 0.036707 0.043661 49.235683 27.361524 71.109843 0.000984 0.000987 0.000484 0.000525 0.000000 
n15 0.039728 0.036476 0.042980 49.487571 28.080799 70.894342 0.002475 0.000000 0.002525 0.003367 0.001541 
n16 0.039312 0.036387 0.042237 43.338673 27.189919 59.487427 0.000492 0.002500 0.000505 0.002078 0.002621 
n17 0.040412 0.039171 0.041653 50.716965 32.592883 68.841046 0.002439 0.000000 0.000000 0.000000 0.000000 
n18 0.039964 0.036526 0.043402 48.527151 31.818313 65.235990 0.000000 0.000507 0.000000 0.001028 0.001503 
n19 0.039524 0.036679 0.042369 45.173221 32.312029 58.034414 0.000000 0.000000 0.000000 0.000000 0.001580 
n20 0.039752 0.036061 0.043443 46.337936 32.521208 60.154664 0.000000 0.001464 0.000000 0.000516 0.000000 
P 20 0.001 50000 5 
0.020100 0.019206 0.020994 
1.430182 0.343290 2.517074 
n1 0.000968 0.000568 0.001368 2.007589 0.223519 3.791659 0.000000 0.000000 0.000000 0.000000 0.000000 
n2 0.001008 0.000740 0.001276 1.482052 -0.388819 3.352923 0.000000 0.000000 0.000000 0.000000 0.000000 
n3 0.001020 0.000232 0.001808 1.599247 0.023229 3.175264 0.000000 0.000000 0.000000 0.000000 0.000000 
n4 0.001132 0.000344 0.001920 1.899550 -2.073301 5.872402 0.000000 0.000000 0.000000 0.000000 0.000000 
n5 0.000928 0.000620 0.001236 1.172973 0.099274 2.246672 0.000000 0.000000 0.000000 0.000000 0.000000 
n6 0.001044 0.000744 0.001344 1.380316 -0.165164 2.925796 0.000000 0.000000 0.000000 0.000000 0.000000 
n7 0.001072 0.000759 0.001385 1.422232 -0.650065 3.494529 0.000000 0.000000 0.000000 0.000000 0.000000 
n8 0.000892 0.000546 0.001238 1.037500 0.804725 1.270275 0.000000 0.000000 0.000000 0.000000 0.000000 
n9 0.000988 0.000477 0.001499 1.126774 0.544025 1.709524 0.000000 0.000000 0.000000 0.000000 0.000000 
n10 0.001004 0.000784 0.001224 2.064689 -1.485230 5.614607 0.000000 0.000000 0.000000 0.000000 0.000000 
n11 0.001116 0.000579 0.001653 1.146439 0.589356 1.703523 0.000000 0.000000 0.000000 0.000000 0.000000 
n12 0.001008 0.000667 0.001349 1.026415 0.862448 1.190382 0.000000 0.000000 0.000000 0.000000 0.000000 
n13 0.001000 0.000781 0.001219 1.355604 -0.501404 3.212611 0.000000 0.000000 0.000000 0.000000 0.000000 
n14 0.000984 0.000674 0.001294 1.677723 -0.479245 3.834691 0.000000 0.000000 0.000000 0.000000 0.000000 
n15 0.000880 0.000455 0.001305 1.808202 -1.218452 4.834855 0.000000 0.000000 0.000000 0.000000 0.000000 
n16 0.001016 0.000737 0.001295 1.000000 1.000000 1.000000 0.000000 0.000000 0.000000 0.000000 0.000000 
n17 0.000908 0.000578 0.001238 1.546280 0.084729 3.007832 0.000000 0.000000 0.000000 0.000000 0.000000 
n18 0.001024 0.000774 0.001274 1.101389 0.625341 1.577437 0.000000 0.000000 0.000000 0.000000 0.000000 
n19 0.001084 0.000825 0.001343 1.342848 0.087071 2.598626 0.000000 0.000000 0.000000 0.000000 0.000000 
n20 0.001024 0.000734 0.001314 1.625452 -0.209080 3.459983 0.000000 0.000000 0.000000 0.000000 0.000000 
P 20 0.003 50000 5 
0.059504 0.057882 0.061126 
2.523955 2.061595 2.986315 
n1 0.003060 0.002841 0.003279 1.711056 0.672666 2.749447 0.000000 0.000000 0.000000 0.000000 0.000000 
n2 0.003028 0.002400 0.003656 2.653176 0.341150 4.965201 0.000000 0.000000 0.000000 0.000000 0.000000 
n3 0.003056 0.002806 0.003306 2.384459 1.284537 3.484380 0.000000 0.000000 0.000000 0.000000 0.000000 
n4 0.003044 0.002673 0.003415 2.224970 0.998440 3.451500 0.000000 0.000000 0.000000 0.000000 0.000000 
n5 0.002936 0.002406 0.003466 2.620517 0.634584 4.606449 0.000000 0.000000 0.000000 0.000000 0.000000 
n6 0.002888 0.002073 0.003703 2.098899 0.320378 3.877421 0.000000 0.000000 0.000000 0.000000 0.000000 
n7 0.002800 0.002189 0.003411 2.587715 1.562723 3.612708 0.000000 0.000000 0.000000 0.000000 0.000000 
n8 0.002928 0.002366 0.003490 2.996670 0.421101 5.572240 0.000000 0.000000 0.000000 0.000000 0.000000 
n9 0.002792 0.002002 0.003582 2.855608 -0.647394 6.358611 0.000000 0.000000 0.000000 0.000000 0.000000 
n10 0.002864 0.001994 0.003734 3.028700 1.864476 4.192924 0.000000 0.000000 0.000000 0.000000 0.000000 
n11 0.002992 0.001707 0.004277 2.968536 0.386810 5.550262 0.000000 0.000000 0.000000 0.000000 0.000000 
n12 0.003024 0.002294 0.003754 2.183039 0.994434 3.371644 0.000000 0.000000 0.000000 0.000000 0.000000 
n13 0.002856 0.002224 0.003488 2.805840 1.677138 3.934543 0.000000 0.000000 0.000000 0.000000 0.000000 
n14 0.003160 0.002938 0.003382 2.044356 0.523579 3.565133 0.000000 0.000000 0.000000 0.000000 0.000000 
n15 0.002956 0.002581 0.003331 2.844344 0.289890 5.398798 0.000000 0.000000 0.000000 0.000000 0.000000 
n16 0.003052 0.002937 0.003167 2.390344 -0.657536 5.438224 0.000000 0.000000 0.000000 0.000000 0.000000 
n17 0.003188 0.002375 0.004001 2.296767 1.561731 3.031803 0.000000 0.000000 0.000000 0.000000 0.000000 
n18 0.002808 0.002359 0.003257 2.187400 0.755223 3.619577 0.000000 0.000000 0.000000 0.000000 0.000000 
n19 0.003132 0.002439 0.003825 3.080427 1.344352 4.816501 0.000000 0.000000 0.000000 0.000000 0.000000 
n20 0.002940 0.002306 0.003574 2.768348 0.482399 5.054297 0.000000 0.000000 0.000000 0.000000 0.000000 
P 20 0.005 50000 5 
0.098660 0.094497 0.102823 
3.729597 2.897931 4.561263 
n1 0.004940 0.003810 0.006070 4.014666 2.191913 5.837420 0.000000 0.000000 0.000000 0.000000 0.000000 
n2 0.005016 0.004359 0.005673 3.891601 1.370181 6.413022 0.000000 0.000000 0.000000 0.000000 0.000000 
n3 0.005028 0.004442 0.005614 3.327440 0.989398 5.665482 0.000000 0.000000 0.000000 0.000000 0.000000 
n4 0.004784 0.004045 0.005523 3.506434 0.573165 6.439703 0.000000 0.000000 0.000000 0.000000 0.000000 
n5 0.004836 0.004219 0.005453 4.094477 2.041134 6.147821 0.000000 0.000000 0.000000 0.000000 0.000000 
n6 0.004784 0.003880 0.005688 4.191358 -0.700873 9.083588 0.000000 0.000000 0.000000 0.000000 0.000000 
n7 0.005192 0.004417 0.005967 3.680443 0.820780 6.540105 0.000000 0.000000 0.000000 0.000000 0.000000 
n8 0.005128 0.004378 0.005878 3.639861 1.148860 6.130863 0.000000 0.000000 0.000000 0.000000 0.000000 
n9 0.004980 0.004136 0.005824 3.801201 1.882590 5.719811 0.000000 0.000000 0.000000 0.000000 0.000000 
n10 0.004756 0.003937 0.005575 3.315086 1.604115 5.026056 0.000000 0.000000 0.000000 0.000000 0.000000 
n11 0.004748 0.003807 0.005689 3.909848 1.564101 6.255595 0.000000 0.000000 0.000000 0.000000 0.000000 
n12 0.004948 0.004314 0.005582 3.885407 1.108474 6.662340 0.000000 0.000000 0.000000 0.000000 0.000000 
n13 0.005100 0.003963 0.006237 3.237725 1.788392 4.687057 0.000000 0.000000 0.000000 0.000000 0.000000 
n14 0.004924 0.004236 0.005612 3.611787 1.986693 5.236880 0.000000 0.000000 0.000000 0.000000 0.000000 
n15 0.004972 0.004741 0.005203 4.129124 2.841697 5.416552 0.000000 0.000000 0.000000 0.000000 0.000000 
n16 0.004848 0.004693 0.005003 3.185499 0.396893 5.974106 0.000000 0.000000 0.000000 0.000000 0.000000 
n17 0.004868 0.003305 0.006431 4.094015 2.642643 5.545387 0.000000 0.000000 0.000000 0.000000 0.000000 
n18 0.004736 0.003953 0.005519 4.365689 1.735039 6.996340 0.000000 0.000000 0.000000 0.000000 0.000000 
n19 0.005204 0.004602 0.005806 3.200090 1.728838 4.671342 0.000000 0.000000 0.000000 0.000000 0.000000 
n20 0.004868 0.004051 0.005685 3.620259 2.320592 4.919925 0.000000 0.000000 0.000000 0.000000 0.000000 
P 20 0.007 50000 5 
0.138956 0.131312 0.146600 
5.117397 4.426780 5.808014 
n1 0.007108 0.005923 0.008293 5.277645 2.607397 7.947892 0.000000 0.000000 0.000000 0.000000 0.000000 
n2 0.007044 0.005707 0.008381 5.288375 3.669538 6.907211 0.000000 0.000000 0.000000 0.000000 0.000000 
n3 0.007140 0.006493 0.007787 4.833254 3.744936 5.921572 0.000000 0.000000 0.000000 0.000000 0.000000 
n4 0.006900 0.006087 0.007713 5.271913 3.799084 6.744742 0.000000 0.000000 0.000000 0.000000 0.000000 
n5 0.007020 0.005445 0.008595 5.473195 0.623492 10.322898 0.000000 0.000000 0.000000 0.000000 0.000000 
n6 0.007052 0.006030 0.008074 6.409910 3.309810 9.510010 0.000000 0.000000 0.000000 0.000000 0.000000 
n7 0.006764 0.005314 0.008214 5.331996 3.321155 7.342837 0.000000 0.000000 0.005618 0.000000 0.000000 
n8 0.006916 0.005499 0.008333 4.419910 3.192111 5.647709 0.000000 0.000000 0.000000 0.000000 0.000000 
n9 0.006720 0.005899 0.007541 5.004122 1.230362 8.777881 0.000000 0.000000 0.000000 0.000000 0.000000 
n10 0.006920 0.005865 0.007975 4.695484 3.288067 6.102901 0.000000 0.000000 0.000000 0.000000 0.000000 
n11 0.006756 0.006227 0.007285 5.088581 3.038035 7.139126 0.000000 0.000000 0.000000 0.000000 0.000000 
n12 0.007248 0.006712 0.007784 4.847701 3.772548 5.922854 0.000000 0.000000 0.002747 0.000000 0.000000 
n13 0.007112 0.005682 0.008542 5.003476 2.275098 7.731855 0.000000 0.000000 0.000000 0.000000 0.000000 
n14 0.007068 0.005530 0.008606 5.291628 2.833913 7.749343 0.000000 0.000000 0.000000 0.000000 0.000000 
n15 0.006992 0.005966 0.008018 5.730971 3.351935 8.110008 0.000000 0.000000 0.000000 0.000000 0.000000 
n16 0.006868 0.005614 0.008122 4.626393 2.743948 6.508838 0.000000 0.000000 0.000000 0.000000 0.000000 
n17 0.006868 0.006301 0.007435 5.196094 1.307013 9.085175 0.000000 0.000000 0.000000 0.000000 0.000000 
n18 0.006984 0.005927 0.008041 4.373955 3.949257 4.798654 0.000000 0.000000 0.000000 0.000000 0.000000 
n19 0.006644 0.005530 0.007758 4.816373 2.690710 6.942036 0.000000 0.000000 0.000000 0.000000 0.000000 
n20 0.006832 0.005779 0.007885 5.217667 3.481327 6.954007 0.000000 0.000000 0.000000 0.000000 0.000000 
P 20 0.01 50000 5 
0.199244 0.190843 0.207645 
8.487443 7.163203 9.811683 
n1 0.009684 0.008461 0.010907 8.510034 5.997594 11.022475 0.000000 0.000000 0.000000 0.000000 0.000000 
n2 0.010308 0.009540 0.011076 9.515537 6.621188 12.409887 0.000000 0.000000 0.000000 0.000000 0.000000 
n3 0.009688 0.008437 0.010939 9.382920 6.017756 12.748084 0.000000 0.000000 0.000000 0.000000 0.000000 
n4 0.010032 0.008235 0.011829 8.341436 5.198777 11.484094 0.000000 0.000000 0.000000 0.000000 0.000000 
n5 0.009788 0.008383 0.011193 8.414497 5.788926 11.040069 0.000000 0.000000 0.000000 0.000000 0.000000 
n6 0.009928 0.009057 0.010799 8.668349 4.454153 12.882546 0.000000 0.000000 0.001953 0.000000 0.000000 
n7 0.009868 0.008455 0.011281 9.415263 4.495194 14.335332 0.000000 0.000000 0.000000 0.000000 0.000000 
n8 0.010500 0.008903 0.012097 8.532440 5.917550 11.147330 0.000000 0.000000 0.000000 0.000000 0.000000 
n9 0.009788 0.008875 0.010701 7.798331 5.103377 10.493286 0.000000 0.000000 0.000000 0.000000 0.000000 
n10 0.009912 0.008738 0.011086 8.209271 5.500411 10.918132 0.000000 0.000000 0.000000 0.000000 0.000000 
n11 0.010036 0.009057 0.011015 8.152357 5.087597 11.217118 0.000000 0.000000 0.000000 0.000000 0.000000 
n12 0.009952 0.009159 0.010745 8.574343 4.746876 12.401810 0.000000 0.002075 0.000000 0.000000 0.000000 
n13 0.009944 0.008972 0.010916 7.795981 3.184784 12.407179 0.000000 0.000000 0.003810 0.000000 0.000000 
n14 0.009984 0.009242 0.010726 7.263965 3.823864 10.704065 0.000000 0.000000 0.000000 0.001976 0.000000 
n15 0.010012 0.009053 0.010971 8.314364 4.210544 12.418184 0.000000 0.000000 0.000000 0.000000 0.000000 
n16 0.010400 0.008874 0.011926 8.730463 6.752380 10.708547 0.000000 0.000000 0.000000 0.000000 0.000000 
n17 0.009936 0.009011 0.010861 8.637612 5.140086 12.135139 0.000000 0.004124 0.000000 0.001988 0.000000 
n18 0.009672 0.008566 0.010778 8.388117 4.582029 12.194204 0.000000 0.000000 0.000000 0.000000 0.000000 
n19 0.009816 0.008607 0.011025 8.885967 3.375022 14.396911 0.000000 0.000000 0.000000 0.000000 0.000000 
n20 0.009996 0.008806 0.011186 8.110458 5.433028 10.787887 0.000000 0.000000 0.000000 0.000000 0.000000 
P 20 0.02 50000 5 
0.379864 0.371690 0.388038 
1034.346402 472.045098 1596.647705 
n1 0.019140 0.017776 0.020504 1085.326726 -604.321699 2774.975150 0.057786 0.030333 0.091440 0.071713 0.013279 
n2 0.019288 0.018513 0.020063 852.101986 -198.042863 1902.246834 0.016444 0.000000 0.026919 0.031697 0.046627 
n3 0.018888 0.016258 0.021518 874.036307 -626.267367 2374.339980 0.036145 0.031315 0.077375 0.011730 0.110101 
n4 0.019240 0.017916 0.020564 1529.098398 -1077.576949 4135.773744 0.088032 0.047714 0.063462 0.036489 0.037365 
n5 0.019260 0.016974 0.021546 1126.596084 -170.191107 2423.383274 0.063278 0.027911 0.095785 0.042365 0.037109 
n6 0.018728 0.017095 0.020361 772.115547 -178.203218 1722.434312 0.082464 0.060127 0.014463 0.056911 0.004233 
n7 0.019444 0.017563 0.021325 876.519544 -252.658839 2005.697927 0.064090 0.004965 0.014764 0.048515 0.006104 
n8 0.018904 0.017768 0.020040 988.365304 26.364177 1950.366431 0.052254 0.022267 0.068798 0.059184 0.031536 
n9 0.019032 0.016013 0.022051 993.162577 -53.618520 2039.943674 0.009404 0.020141 0.038606 0.143559 0.064356 
n10 0.018628 0.017281 0.019975 1918.553606 -215.592611 4052.699822 0.086022 0.075397 0.064860 0.033403 0.131528 
n11 0.018924 0.016120 0.021728 1126.107339 -1564.199199 3816.413877 0.031670 0.014881 0.059732 0.082317 0.105779 
n12 0.018572 0.016199 0.020945 1331.548703 -179.863222 2842.960628 0.051672 0.038123 0.094286 0.087047 0.074766 
n13 0.018680 0.017946 0.019414 908.409553 438.119086 1378.700019 0.088235 0.021694 0.036920 0.053320 0.072134 
n14 0.019408 0.018120 0.020696 773.811288 -1050.073597 2597.696173 0.005941 0.018000 0.065700 0.028689 0.029592 
n15 0.019028 0.017068 0.020988 934.939252 -407.155525 2277.034029 0.064677 0.115942 0.057460 0.024201 0.024415 
n16 0.018764 0.017085 0.020443 779.387675 -352.397634 1911.172983 0.087041 0.054545 0.063063 0.029284 0.068441 
n17 0.019088 0.016699 0.021477 891.451236 -290.461095 2073.363568 0.032512 0.007415 0.086509 0.059716 0.028913 
n18 0.018972 0.016254 0.021690 996.232481 -1217.029772 3209.494733 0.039761 0.042033 0.138000 0.010163 0.024365 
n19 0.019100 0.017329 0.020871 818.240381 127.509033 1508.971728 0.004044 0.025747 0.026575 0.045593 0.070265 
n20 0.018776 0.017371 0.020181 1237.797661 -560.958515 3036.553838 0.097701 0.078469 0.012308 0.106299 0.035714 
P 20 0.03 50000 5 
0.376732 0.372723 0.380741 
9156.333487 8626.958377 9685.708597 
n1 0.018556 0.017295 0.019817 9596.139400 8425.379371 10766.899430 0.378113 0.354576 0.397503 0.389946 0.381782 
n2 0.018628 0.016200 0.021056 8727.500041 4826.504805 12628.495277 0.351984 0.356098 0.422619 0.370196 0.352818 
n3 0.018608 0.016209 0.021007 9306.018400 5875.692394 12736.344407 0.422627 0.429677 0.353495 0.363636 0.331058 
n4 0.019432 0.017168 0.021696 8542.510962 5265.093938 11819.927985 0.378214 0.386538 0.352075 0.352011 0.310829 
n5 0.019048 0.016268 0.021828 8384.679967 4504.572628 12264.787306 0.317007 0.392927 0.407957 0.350133 0.335383 
n6 0.018396 0.016184 0.020608 10747.794197 7878.523099 13617.065295 0.429495 0.351779 0.417408 0.399327 0.396078 
n7 0.019564 0.016933 0.022195 8390.094564 6495.102168 10285.086961 0.340845 0.379264 0.328534 0.299932 0.365472 
n8 0.018640 0.017046 0.020234 8754.019074 6297.175582 11210.862566 0.381706 0.352257 0.391332 0.351877 0.380725 
n9 0.019052 0.015678 0.022426 9318.832695 5601.339733 13036.325657 0.364252 0.385069 0.363397 0.425099 0.316066 
n10 0.018264 0.015872 0.020656 9477.909879 7064.653377 11891.166381 0.378672 0.392297 0.386968 0.356890 0.391566 
n11 0.018312 0.016827 0.019797 10415.889764 8122.609880 12709.169647 0.399870 0.368421 0.441176 0.398305 0.400131 
n12 0.018832 0.017497 0.020167 9322.067251 6750.693944 11893.440557 0.414603 0.387887 0.372914 0.376572 0.402606 
n13 0.018476 0.016131 0.020821 9364.998029 5229.306932 13500.689125 0.431091 0.364529 0.368110 0.394947 0.402906 
n14 0.019132 0.016499 0.021765 8422.352539 5053.726956 11790.978123 0.308271 0.400404 0.375167 0.348883 0.365513 
n15 0.019492 0.015329 0.023655 8213.076479 4032.118914 12394.034044 0.352586 0.287081 0.268636 0.404712 0.353610 
n16 0.018380 0.016933 0.019827 10229.264712 7244.991752 13213.537672 0.385122 0.412351 0.423522 0.366935 0.363883 
n17 0.019252 0.017824 0.020680 9398.743336 7055.175284 11742.311388 0.346101 0.389218 0.339934 0.363099 0.357478 
n18 0.018928 0.015448 0.022408 9342.468779 6480.211400 12204.726157 0.337154 0.358416 0.451740 0.366206 0.344064 
n19 0.018984 0.016258 0.021710 8827.164788 7722.150994 9932.178582 0.373435 0.335728 0.334686 0.375935 0.362259 
n20 0.018756 0.017336 0.020176 9005.133481 7068.485248 10941.781714 0.357992 0.340278 0.384868 0.380667 0.401987 
P 20 0.04 50000 5 
0.376616 0.373921 0.379311 
13075.042958 12873.475952 13276.609963 
n1 0.018544 0.017355 0.019733 13808.595957 11994.938583 15622.253331 0.535418 0.525784 0.560408 0.536923 0.525544 
n2 0.018664 0.015723 0.021605 12680.326860 9086.794824 16273.858896 0.503445 0.515979 0.566095 0.540299 0.513034 
n3 0.018608 0.016040 0.021176 13153.332166 10219.467700 16087.196631 0.572397 0.575714 0.515917 0.522772 0.504090 
n4 0.019392 0.017639 0.021145 12872.935630 9150.831796 16595.039464 0.514982 0.544881 0.518000 0.521481 0.487976 
n5 0.018852 0.016643 0.021061 12429.976773 10162.694247 14697.259298 0.490975 0.551826 0.542008 0.520575 0.511236 
n6 0.018300 0.016787 0.019813 14229.598861 12304.754858 16154.442863 0.560904 0.517830 0.558519 0.545546 0.538191 
n7 0.019384 0.017325 0.021443 12773.912671 11756.732732 13791.092610 0.514744 0.538881 0.499250 0.485801 0.522344 
n8 0.018536 0.017262 0.019810 13005.947842 9923.064778 16088.830905 0.533506 0.521310 0.555766 0.510225 0.542187 
n9 0.018980 0.016185 0.021775 13276.875467 10286.131191 16267.619743 0.523209 0.545589 0.515877 0.560319 0.508557 
n10 0.018176 0.015588 0.020764 13232.674387 10209.888320 16255.460453 0.521569 0.549185 0.541417 0.523587 0.563500 
n11 0.018192 0.017041 0.019343 14066.218761 12355.275320 15777.162202 0.533937 0.542574 0.574623 0.545997 0.547761 
n12 0.018988 0.017803 0.020173 12723.803298 9730.077836 15717.528761 0.559217 0.531738 0.528302 0.522195 0.542464 
n13 0.018576 0.016142 0.021010 13173.562984 8362.987903 17984.138064 0.565089 0.528893 0.505263 0.556863 0.561928 
n14 0.019032 0.016342 0.021722 12663.021755 8754.191090 16571.852419 0.484588 0.547643 0.537731 0.506030 0.548638 
n15 0.019392 0.015070 0.023714 12951.310292 9246.701758 16655.918827 0.513688 0.482347 0.457706 0.552277 0.542516 
n16 0.018736 0.017565 0.019907 13497.640060 11714.023002 15281.257118 0.539293 0.557683 0.536621 0.526183 0.513747 
n17 0.019140 0.017193 0.021087 13594.780303 10050.377268 17139.183337 0.522025 0.546273 0.492386 0.525533 0.507064 
n18 0.018868 0.015435 0.022301 12845.481455 10782.270029 14908.692881 0.513279 0.502224 0.573604 0.522000 0.500260 
n19 0.019272 0.015293 0.023251 12545.331831 10385.385663 14705.278000 0.529906 0.471316 0.488798 0.534351 0.530653 
n20 0.018984 0.018082 0.019886 12518.997580 10127.265831 14910.729330 0.530473 0.510758 0.517713 0.524900 0.541106 
I 20 0.001 50000 5 
0.020096 0.019194 0.020998 
1.226683 0.857648 1.595718 
n1 0.000976 0.000453 0.001499 1.277513 0.596293 1.958732 0.000000 0.000000 0.000000 0.000000 0.000000 
n2 0.000956 0.000365 0.001547 1.281652 0.693243 1.870061 0.000000 0.000000 0.000000 0.000000 0.000000 
n3 0.000908 0.000190 0.001626 1.031373 0.836633 1.226112 0.000000 0.000000 0.000000 0.000000 0.000000 
n4 0.000968 0.000601 0.001335 1.416021 0.169691 2.662350 0.000000 0.000000 0.000000 0.000000 0.000000 
n5 0.000932 0.000494 0.001370 1.346081 0.190986 2.501177 0.000000 0.000000 0.000000 0.000000 0.000000 
n6 0.001056 0.000791 0.001321 1.262690 0.034400 2.490980 0.000000 0.000000 0.000000 0.000000 0.000000 
n7 0.000984 0.000634 0.001334 1.239944 0.601008 1.878880 0.000000 0.000000 0.000000 0.000000 0.000000 
n8 0.001064 0.000617 0.001511 1.209773 0.396253 2.023293 0.000000 0.000000 0.000000 0.000000 0.000000 
n9 0.000972 0.000741 0.001203 1.330382 0.289980 2.370785 0.000000 0.000000 0.000000 0.000000 0.000000 
n10 0.001040 0.000571 0.001509 1.333085 1.082348 1.583822 0.000000 0.000000 0.000000 0.000000 0.000000 
n11 0.001116 0.000860 0.001372 1.071698 0.626645 1.516752 0.000000 0.000000 0.000000 0.000000 0.000000 
n12 0.001024 0.000794 0.001254 1.133731 0.728867 1.538594 0.000000 0.000000 0.000000 0.000000 0.000000 
n13 0.001040 0.000728 0.001352 1.131163 0.612893 1.649432 0.000000 0.000000 0.000000 0.000000 0.000000 
n14 0.001000 0.000455 0.001545 1.036667 0.809065 1.264269 0.000000 0.000000 0.000000 0.000000 0.000000 
n15 0.001008 0.000554 0.001462 1.381214 0.382063 2.380365 0.000000 0.000000 0.000000 0.000000 0.000000 
n16 0.001044 0.000867 0.001221 1.060714 0.683841 1.437588 0.000000 0.000000 0.000000 0.000000 0.000000 
n17 0.000948 0.000461 0.001435 1.267095 0.252329 2.281860 0.000000 0.000000 0.000000 0.000000 0.000000 
n18 0.001004 0.000605 0.001403 1.324545 -0.044385 2.693476 0.000000 0.000000 0.000000 0.000000 0.000000 
n19 0.001024 0.000757 0.001291 1.068677 0.758093 1.379260 0.000000 0.000000 0.000000 0.000000 0.000000 
n20 0.001032 0.000333 0.001731 1.351573 1.017151 1.685994 0.000000 0.000000 0.000000 0.000000 0.000000 
I 20 0.003 50000 5 
0.059500 0.057914 0.061086 
1.773975 1.584789 1.963162 
n1 0.002908 0.002000 0.003816 1.897932 1.284643 2.511220 0.000000 0.000000 0.000000 0.000000 0.000000 
n2 0.003008 0.002630 0.003386 1.694231 1.195808 2.192654 0.000000 0.000000 0.000000 0.000000 0.000000 
n3 0.003096 0.002676 0.003516 1.815405 0.662047 2.968762 0.000000 0.000000 0.000000 0.000000 0.000000 
n4 0.003052 0.002074 0.004030 1.821575 0.840446 2.802704 0.000000 0.000000 0.000000 0.000000 0.000000 
n5 0.002872 0.002223 0.003521 1.913700 0.488450 3.338950 0.000000 0.000000 0.000000 0.000000 0.000000 
n6 0.003184 0.002404 0.003964 1.770899 0.333911 3.207886 0.000000 0.000000 0.000000 0.000000 0.000000 
n7 0.003012 0.002014 0.004010 1.670623 0.782443 2.558802 0.000000 0.000000 0.000000 0.000000 0.000000 
n8 0.002976 0.002125 0.003827 1.621372 0.628797 2.613947 0.000000 0.000000 0.000000 0.000000 0.000000 
n9 0.002872 0.002455 0.003289 1.741192 1.071975 2.410408 0.000000 0.000000 0.000000 0.000000 0.000000 
n10 0.003208 0.002384 0.004032 1.715235 0.937976 2.492495 0.000000 0.000000 0.000000 0.000000 0.000000 
n11 0.002848 0.001977 0.003719 1.787629 0.705876 2.869382 0.000000 0.000000 0.000000 0.000000 0.000000 
n12 0.002964 0.002302 0.003626 1.914158 1.091455 2.736861 0.000000 0.000000 0.000000 0.000000 0.000000 
n13 0.003004 0.002385 0.003623 1.653673 1.212525 2.094822 0.000000 0.000000 0.000000 0.000000 0.000000 
n14 0.002968 0.002681 0.003255 1.741829 0.905324 2.578333 0.000000 0.000000 0.000000 0.000000 0.000000 
n15 0.002956 0.002102 0.003810 2.058129 1.217425 2.898832 0.000000 0.000000 0.000000 0.000000 0.000000 
n16 0.002936 0.002266 0.003606 1.773189 1.393648 2.152731 0.000000 0.000000 0.000000 0.000000 0.000000 
n17 0.002892 0.001999 0.003785 1.528494 1.113864 1.943125 0.000000 0.000000 0.000000 0.000000 0.000000 
n18 0.002852 0.002377 0.003327 1.754166 0.816788 2.691544 0.000000 0.000000 0.000000 0.000000 0.000000 
n19 0.002900 0.002234 0.003566 1.776381 0.623608 2.929154 0.000000 0.000000 0.000000 0.000000 0.000000 
n20 0.002992 0.002293 0.003691 1.939788 0.990261 2.889314 0.000000 0.000000 0.000000 0.000000 0.000000 
I 20 0.005 50000 5 
0.098668 0.094795 0.102541 
2.294533 1.902361 2.686706 
n1 0.004892 0.004196 0.005588 2.372133 1.320327 3.423939 0.000000 0.000000 0.000000 0.000000 0.000000 
n2 0.004772 0.003830 0.005714 2.349859 1.229071 3.470647 0.000000 0.000000 0.000000 0.000000 0.000000 
n3 0.005092 0.004009 0.006175 2.027394 1.695974 2.358814 0.000000 0.000000 0.000000 0.000000 0.000000 
n4 0.004984 0.004188 0.005780 2.384893 1.587246 3.182539 0.000000 0.000000 0.000000 0.000000 0.000000 
n5 0.004916 0.003986 0.005846 2.581647 1.404721 3.758574 0.000000 0.000000 0.000000 0.000000 0.000000 
n6 0.004964 0.004080 0.005848 2.199356 0.705827 3.692885 0.000000 0.000000 0.000000 0.000000 0.000000 
n7 0.004880 0.004240 0.005520 2.384895 1.442389 3.327400 0.000000 0.000000 0.000000 0.000000 0.000000 
n8 0.005080 0.004008 0.006152 2.259332 1.293040 3.225624 0.000000 0.000000 0.000000 0.000000 0.000000 
n9 0.004952 0.004269 0.005635 2.325171 1.581054 3.069287 0.000000 0.000000 0.000000 0.000000 0.000000 
n10 0.004928 0.004063 0.005793 2.361952 1.771256 2.952648 0.000000 0.000000 0.000000 0.000000 0.000000 
n11 0.005092 0.004543 0.005641 2.248363 1.402407 3.094319 0.000000 0.000000 0.000000 0.000000 0.000000 
n12 0.004828 0.004467 0.005189 2.227707 1.687877 2.767536 0.000000 0.000000 0.000000 0.000000 0.000000 
n13 0.004824 0.004065 0.005583 2.094470 1.717811 2.471128 0.000000 0.000000 0.000000 0.000000 0.000000 
n14 0.004956 0.004444 0.005468 2.271964 1.510400 3.033528 0.000000 0.000000 0.000000 0.000000 0.000000 
n15 0.004920 0.003399 0.006441 2.201199 1.493423 2.908975 0.000000 0.000000 0.000000 0.000000 0.000000 
n16 0.004840 0.004412 0.005268 2.409208 1.498408 3.320008 0.000000 0.000000 0.000000 0.000000 0.000000 
n17 0.004884 0.004279 0.005489 2.207794 1.610174 2.805413 0.000000 0.000000 0.000000 0.000000 0.000000 
n18 0.005000 0.003944 0.006056 2.534555 1.191547 3.877563 0.000000 0.000000 0.000000 0.000000 0.000000 
n19 0.004888 0.004145 0.005631 2.216926 1.760924 2.672927 0.000000 0.000000 0.000000 0.000000 0.000000 
n20 0.004976 0.004279 0.005673 2.207452 1.080840 3.334063 0.000000 0.000000 0.000000 0.000000 0.000000 
I 20 0.007 50000 5 
0.138864 0.131579 0.146149 
2.991016 2.343759 3.638273 
n1 0.007060 0.006467 0.007653 2.988585 1.749282 4.227888 0.000000 0.000000 0.000000 0.000000 0.000000 
n2 0.006972 0.005860 0.008084 2.875418 1.966458 3.784378 0.000000 0.000000 0.000000 0.000000 0.000000 
n3 0.007212 0.006041 0.008383 3.015473 1.824024 4.206923 0.000000 0.000000 0.000000 0.000000 0.000000 
n4 0.007036 0.004701 0.009371 3.025123 1.689969 4.360276 0.000000 0.000000 0.000000 0.000000 0.000000 
n5 0.006864 0.006235 0.007493 3.039439 2.479485 3.599392 0.000000 0.000000 0.000000 0.000000 0.000000 
n6 0.007028 0.006302 0.007754 3.081361 2.671501 3.491220 0.000000 0.000000 0.000000 0.000000 0.000000 
n7 0.006896 0.004997 0.008795 3.000614 1.757828 4.243400 0.000000 0.000000 0.000000 0.000000 0.000000 
n8 0.006888 0.006229 0.007547 3.043335 2.162567 3.924103 0.000000 0.000000 0.000000 0.000000 0.000000 
n9 0.007056 0.006743 0.007369 3.168131 2.295832 4.040430 0.000000 0.000000 0.000000 0.000000 0.000000 
n10 0.006856 0.005270 0.008442 2.919950 1.847881 3.992019 0.000000 0.000000 0.000000 0.000000 0.000000 
n11 0.007096 0.006338 0.007854 3.163559 1.857257 4.469861 0.000000 0.000000 0.000000 0.000000 0.000000 
n12 0.007060 0.006709 0.007411 2.824593 2.105388 3.543798 0.000000 0.000000 0.000000 0.000000 0.000000 
n13 0.007044 0.006231 0.007857 2.789701 1.771832 3.807570 0.000000 0.000000 0.000000 0.000000 0.003040 
n14 0.006652 0.005499 0.007805 3.222601 2.608730 3.836473 0.000000 0.000000 0.000000 0.000000 0.000000 
n15 0.007040 0.005542 0.008538 3.171339 2.318993 4.023685 0.000000 0.000000 0.000000 0.000000 0.000000 
n16 0.006672 0.005796 0.007548 2.945707 1.682908 4.208505 0.000000 0.000000 0.000000 0.000000 0.000000 
n17 0.006860 0.006137 0.007583 2.655867 1.380725 3.931009 0.000000 0.000000 0.000000 0.000000 0.000000 
n18 0.006672 0.006152 0.007192 3.043918 1.312313 4.775523 0.000000 0.000000 0.000000 0.000000 0.000000 
n19 0.006940 0.006065 0.007815 3.090080 1.514931 4.665228 0.000000 0.000000 0.000000 0.000000 0.000000 
n20 0.006960 0.006163 0.007757 2.753360 1.451570 4.055151 0.000000 0.000000 0.000000 0.000000 0.002778 
I 20 0.01 50000 5 
0.199252 0.190592 0.207912 
4.624124 4.110889 5.137359 
n1 0.009908 0.008879 0.010937 4.558439 2.962630 6.154248 0.000000 0.000000 0.000000 0.000000 0.000000 
n2 0.010040 0.009197 0.010883 4.714071 3.164798 6.263345 0.000000 0.000000 0.000000 0.000000 0.000000 
n3 0.009780 0.008281 0.011279 4.445445 3.490250 5.400639 0.000000 0.000000 0.000000 0.000000 0.000000 
n4 0.010264 0.008535 0.011993 4.549962 2.760435 6.339489 0.000000 0.000000 0.000000 0.000000 0.000000 
n5 0.010156 0.008927 0.011385 4.547128 2.781662 6.312595 0.000000 0.000000 0.000000 0.000000 0.000000 
n6 0.009888 0.008160 0.011616 4.887963 3.639600 6.136325 0.000000 0.000000 0.000000 0.000000 0.000000 
n7 0.009572 0.008871 0.010273 4.640487 4.139231 5.141744 0.000000 0.000000 0.000000 0.000000 0.000000 
n8 0.010132 0.008270 0.011994 4.711924 3.938936 5.484913 0.000000 0.000000 0.000000 0.000000 0.000000 
n9 0.010004 0.008964 0.011044 4.913475 2.884883 6.942068 0.000000 0.000000 0.000000 0.000000 0.000000 
n10 0.010136 0.009322 0.010950 4.489293 3.451197 5.527389 0.000000 0.000000 0.000000 0.000000 0.000000 
n11 0.009760 0.008571 0.010949 4.369105 3.704541 5.033670 0.000000 0.002045 0.000000 0.000000 0.000000 
n12 0.010332 0.009574 0.011090 4.892811 4.061788 5.723834 0.000000 0.000000 0.000000 0.000000 0.000000 
n13 0.010092 0.008509 0.011675 4.700342 3.689170 5.711514 0.000000 0.000000 0.000000 0.000000 0.000000 
n14 0.009876 0.008764 0.010988 4.735531 3.498474 5.972588 0.000000 0.000000 0.000000 0.000000 0.000000 
n15 0.009936 0.008817 0.011055 4.487391 2.892355 6.082427 0.000000 0.000000 0.000000 0.000000 0.000000 
n16 0.010008 0.009151 0.010865 4.659377 3.790315 5.528439 0.000000 0.000000 0.000000 0.000000 0.000000 
n17 0.009992 0.009501 0.010483 4.586402 3.775524 5.397280 0.000000 0.000000 0.000000 0.000000 0.000000 
n18 0.009840 0.008512 0.011168 4.476525 3.844666 5.108385 0.000000 0.000000 0.000000 0.000000 0.000000 
n19 0.009900 0.008436 0.011364 4.312194 3.388016 5.236372 0.000000 0.002016 0.000000 0.000000 0.000000 
n20 0.009636 0.008346 0.010926 4.746633 3.188471 6.304795 0.000000 0.000000 0.000000 0.000000 0.000000 
I 20 0.02 50000 5 
0.251988 0.246863 0.257113 
8927.989161 8404.057666 9451.920656 
n1 0.012188 0.010135 0.014241 9326.355830 4972.666423 13680.045237 0.363450 0.430151 0.441006 0.400000 0.332657 
n2 0.012628 0.011092 0.014164 8804.526761 6663.495588 10945.557933 0.352770 0.370256 0.389282 0.318087 0.372330 
n3 0.012736 0.011723 0.013749 9347.103878 6807.756078 11886.451678 0.386940 0.379182 0.400000 0.375879 0.378299 
n4 0.012624 0.011522 0.013726 9178.372593 8073.664774 10283.080411 0.392788 0.337102 0.375645 0.326489 0.377976 
n5 0.012384 0.011257 0.013511 8737.694270 6369.393603 11105.994936 0.378151 0.367037 0.398010 0.325855 0.358641 
n6 0.012344 0.011369 0.013319 9080.653745 5701.863177 12459.444313 0.378621 0.371000 0.403633 0.379837 0.357937 
n7 0.012344 0.010404 0.014284 9649.199738 7712.892777 11585.506699 0.395210 0.401887 0.347317 0.418838 0.407150 
n8 0.012740 0.011113 0.014367 8620.882896 4372.644750 12869.121042 0.392607 0.296296 0.379648 0.408046 0.328796 
n9 0.012684 0.010114 0.015254 8497.666212 6140.816667 10854.515757 0.361868 0.292044 0.412000 0.346960 0.366034 
n10 0.012396 0.011045 0.013747 8703.228738 4383.023507 13023.433969 0.382090 0.341826 0.410837 0.305585 0.384852 
n11 0.012520 0.009664 0.015376 8843.415406 5840.887744 11845.943067 0.390756 0.368008 0.379104 0.404933 0.274510 
n12 0.012248 0.010561 0.013935 9406.323075 7118.275698 11694.370453 0.352767 0.441011 0.443912 0.389173 0.341667 
n13 0.012980 0.010672 0.015288 8571.412147 3674.383076 13468.441219 0.333333 0.428994 0.316468 0.352306 0.320459 
n14 0.012576 0.011229 0.013923 9342.892603 6768.397277 11917.387929 0.360248 0.364956 0.343782 0.420223 0.386200 
n15 0.012896 0.011584 0.014208 8464.195916 5488.988768 11439.403064 0.358566 0.369501 0.320040 0.390918 0.403377 
n16 0.013052 0.011815 0.014289 9370.861331 7041.543530 11700.179133 0.349254 0.340237 0.341584 0.365643 0.412440 
n17 0.012800 0.011376 0.014224 8042.665287 6297.855963 9787.474612 0.290183 0.322348 0.407334 0.346346 0.348765 
n18 0.012948 0.012182 0.013714 8965.823172 7614.840487 10316.805858 0.351648 0.366412 0.345473 0.343343 0.330189 
n19 0.012236 0.011389 0.013083 8890.674851 6328.905094 11452.444608 0.422631 0.381894 0.384462 0.364286 0.384086 
n20 0.012664 0.010702 0.014626 9227.800076 4237.675636 14217.924516 0.366765 0.416832 0.417531 0.365559 0.335597 
I 20 0.03 50000 5 
0.250416 0.245073 0.255759 
14417.991283 13999.738138 14836.244428 
n1 0.012312 0.009961 0.014663 14131.492545 10994.610815 17268.374275 0.564000 0.611902 0.565247 0.563234 0.631048 
n2 0.012916 0.010872 0.014960 13810.093559 9972.695524 17647.491594 0.592999 0.544371 0.573879 0.568104 0.557096 
n3 0.012272 0.010843 0.013701 14705.335670 12818.851170 16591.820169 0.569568 0.588469 0.585885 0.629967 0.580667 
n4 0.012720 0.011608 0.013832 14257.603637 12247.278715 16267.928559 0.611111 0.558863 0.591902 0.564516 0.575017 
n5 0.012416 0.010066 0.014766 14518.487661 13026.785877 16010.189445 0.585927 0.605299 0.601097 0.560339 0.545139 
n6 0.012680 0.011597 0.013763 14468.848981 10567.682450 18370.015511 0.550715 0.589413 0.580497 0.594793 0.583500 
n7 0.012232 0.009896 0.014568 14644.921012 10286.421639 19003.420385 0.614786 0.601834 0.637197 0.564208 0.543956 
n8 0.012412 0.011850 0.012974 14221.764913 12487.386355 15956.143471 0.584059 0.604651 0.572106 0.590451 0.560140 
n9 0.012400 0.010838 0.013962 14862.001461 13683.898394 16040.104527 0.595814 0.585213 0.589439 0.597931 0.581633 
n10 0.012540 0.010878 0.014202 14478.257462 10224.153715 18732.361208 0.604775 0.593690 0.566756 0.588843 0.560717 
n11 0.012588 0.011436 0.013740 14349.683660 12307.265552 16392.101768 0.569501 0.583007 0.598545 0.599342 0.557731 
n12 0.012756 0.010356 0.015156 13848.759796 11901.293922 15796.225669 0.566343 0.611185 0.555268 0.587755 0.565129 
n13 0.012544 0.011631 0.013457 14793.683256 12104.023162 17483.343349 0.582888 0.576744 0.587408 0.616257 0.577098 
n14 0.012764 0.010639 0.014889 14104.622328 11036.839637 17172.405019 0.535859 0.601961 0.611184 0.554429 0.576393 
n15 0.012484 0.011243 0.013725 15219.934098 12696.157367 17743.710829 0.578600 0.595299 0.590153 0.596708 0.589214 
n16 0.012652 0.011722 0.013582 14371.389543 13396.039863 15346.739223 0.582714 0.585300 0.564690 0.585686 0.560269 
n17 0.012664 0.010650 0.014678 14469.124276 11423.387401 17514.861150 0.568137 0.564450 0.562542 0.540521 0.632191 
n18 0.012408 0.010851 0.013965 14521.323435 10835.226710 18207.420160 0.557860 0.579260 0.590164 0.587500 0.607969 
n19 0.012264 0.010366 0.014162 14686.788180 13636.403759 15737.172600 0.600536 0.611452 0.563758 0.565568 0.599469 
n20 0.012392 0.011358 0.013426 14372.957472 11378.093637 17367.821307 0.595238 0.578031 0.595506 0.601864 0.583226 
I 20 0.04 50000 5 
0.250716 0.247391 0.254041 
16990.398788 16838.813391 17141.984185 
n1 0.012736 0.011486 0.013986 16240.373932 13193.607179 19287.140685 0.679321 0.702809 0.665327 0.673323 0.683607 
n2 0.012392 0.010893 0.013891 17349.276461 14783.042783 19915.510139 0.708948 0.705179 0.676295 0.689586 0.677403 
n3 0.012540 0.011647 0.013433 17050.350363 16132.461431 17968.239295 0.679541 0.684788 0.680528 0.690105 0.695224 
n4 0.012876 0.011462 0.014290 16613.341150 14498.178402 18728.503898 0.695093 0.665994 0.696393 0.647799 0.679056 
n5 0.012704 0.010856 0.014552 16499.996796 14518.160217 18481.833375 0.704160 0.685547 0.662358 0.668531 0.667857 
n6 0.012604 0.011448 0.013760 17367.614464 15692.188542 19043.040386 0.675271 0.687500 0.662058 0.693483 0.674693 
n7 0.012372 0.011236 0.013508 16653.670017 15721.802020 17585.538014 0.665099 0.681181 0.684435 0.695695 0.701668 
n8 0.012208 0.010359 0.014057 16915.935017 15271.340197 18560.529838 0.672680 0.709173 0.684794 0.717670 0.675594 
n9 0.013104 0.012204 0.014004 16409.396182 14182.023215 18636.769149 0.669840 0.660494 0.680320 0.683507 0.658438 
n10 0.012200 0.011414 0.012986 17441.891603 14710.574331 20173.208874 0.701617 0.708108 0.697118 0.690488 0.708232 
n11 0.012060 0.011268 0.012852 17188.453701 14757.032181 19619.875221 0.702321 0.703796 0.704871 0.701005 0.694623 
n12 0.012176 0.009686 0.014666 17713.033838 14310.087733 21115.979944 0.700148 0.708557 0.733883 0.703133 0.662663 
n13 0.012420 0.010866 0.013974 17289.369996 14665.334867 19913.405124 0.696498 0.666328 0.689325 0.683468 0.710065 
n14 0.012792 0.011054 0.014530 16543.656975 14657.829505 18429.484445 0.689638 0.669335 0.675702 0.667691 0.705912 
n15 0.012468 0.011213 0.013723 17206.267558 15836.852060 18575.683057 0.672308 0.686948 0.706956 0.663169 0.690415 
n16 0.012308 0.011065 0.013551 17337.732487 16529.920437 18145.544536 0.708271 0.708775 0.676696 0.678821 0.693434 
n17 0.012780 0.010600 0.014960 17386.336278 15794.366441 18978.306114 0.685983 0.710208 0.656375 0.690379 0.671429 
n18 0.012540 0.010495 0.014585 17303.096179 14686.775450 19919.416909 0.684000 0.658209 0.703109 0.687855 0.687500 
n19 0.012552 0.011682 0.013422 16980.103280 15022.208637 18937.997923 0.690381 0.686146 0.681285 0.675743 0.698583 
n20 0.012884 0.010472 0.015296 16705.976615 12904.088744 20507.864486 0.675953 0.651530 0.689554 0.705941 0.685315 
B 20 0.001 50000 5 
0.020092 0.019183 0.021001 
1.095346 0.959508 1.231184 
n1 0.001004 0.000457 0.001551 1.095990 0.768275 1.423705 0.000000 0.000000 0.000000 0.000000 0.000000 
n2 0.000896 0.000574 0.001218 1.155710 0.591054 1.720366 0.000000 0.000000 0.000000 0.000000 0.000000 
n3 0.001016 0.000857 0.001175 1.084709 0.880060 1.289359 0.000000 0.000000 0.000000 0.000000 0.000000 
n4 0.001028 0.000769 0.001287 1.107963 0.740051 1.475874 0.000000 0.000000 0.000000 0.000000 0.000000 
n5 0.001052 0.000635 0.001469 1.099668 0.766217 1.433119 0.000000 0.000000 0.000000 0.000000 0.000000 
n6 0.000948 0.000683 0.001213 1.064457 0.835545 1.293370 0.000000 0.000000 0.000000 0.000000 0.000000 
n7 0.000976 0.000666 0.001286 1.052157 0.890660 1.213654 0.000000 0.000000 0.000000 0.000000 0.000000 
n8 0.001008 0.000880 0.001136 1.028571 0.851219 1.205924 0.000000 0.000000 0.000000 0.000000 0.000000 
n9 0.000948 0.000720 0.001176 1.027771 0.908198 1.147345 0.000000 0.000000 0.000000 0.000000 0.000000 
n10 0.001116 0.000707 0.001525 1.117200 0.845484 1.388917 0.000000 0.000000 0.000000 0.000000 0.000000 
n11 0.001064 0.000725 0.001403 1.037208 0.933421 1.140996 0.000000 0.000000 0.000000 0.000000 0.000000 
n12 0.000960 0.000798 0.001122 1.056527 0.877143 1.235911 0.000000 0.000000 0.000000 0.000000 0.000000 
n13 0.001020 0.000718 0.001322 1.088776 0.591284 1.586267 0.000000 0.000000 0.000000 0.000000 0.000000 
n14 0.001044 0.000677 0.001411 1.050000 0.739634 1.360366 0.000000 0.000000 0.000000 0.000000 0.000000 
n15 0.001012 0.000696 0.001328 1.054902 0.714108 1.395696 0.000000 0.000000 0.000000 0.000000 0.000000 
n16 0.000988 0.000604 0.001372 1.005128 0.973296 1.036961 0.000000 0.000000 0.000000 0.000000 0.000000 
n17 0.000864 0.000491 0.001237 1.154594 0.673794 1.635394 0.000000 0.000000 0.000000 0.000000 0.000000 
n18 0.001080 0.000778 0.001382 1.159711 0.562172 1.757251 0.000000 0.000000 0.000000 0.000000 0.000000 
n19 0.000948 0.000761 0.001135 1.145053 0.841188 1.448919 0.000000 0.000000 0.000000 0.000000 0.000000 
n20 0.001120 0.000968 0.001272 1.318194 0.577302 2.059085 0.000000 0.000000 0.000000 0.000000 0.000000 
B 20 0.003 50000 5 
0.059456 0.057832 0.061080 
23.274055 -6.494935 53.043045 
n1 0.002960 0.002035 0.003885 60.267823 -168.300102 288.835747 0.000000 0.000000 0.000000 0.000000 0.000000 
n2 0.002996 0.002096 0.003896 34.160673 -68.552639 136.873985 0.000000 0.022599 0.000000 0.000000 0.000000 
n3 0.002996 0.002185 0.003807 27.214825 -35.372727 89.802377 0.000000 0.000000 0.011905 0.000000 0.000000 
n4 0.002968 0.002359 0.003577 13.266271 -11.870716 38.403258 0.000000 0.000000 0.006061 0.000000 0.000000 
n5 0.003032 0.002753 0.003311 10.238475 -30.263514 50.740465 0.000000 0.000000 0.033557 0.000000 0.000000 
n6 0.002836 0.002199 0.003473 12.844503 -10.608248 36.297253 0.000000 0.000000 0.000000 0.000000 0.000000 
n7 0.003100 0.002007 0.004193 16.342346 -18.097523 50.782214 0.000000 0.000000 0.000000 0.000000 0.000000 
n8 0.003084 0.002418 0.003750 9.521903 -13.260759 32.304564 0.000000 0.000000 0.000000 0.013333 0.000000 
n9 0.002984 0.002217 0.003751 38.384828 -71.322370 148.092026 0.000000 0.000000 0.000000 0.000000 0.000000 
n10 0.003024 0.002651 0.003397 11.986579 -40.660684 64.633841 0.000000 0.000000 0.000000 0.000000 0.000000 
n11 0.002948 0.002501 0.003395 15.967718 -49.323936 81.259372 0.000000 0.000000 0.000000 0.000000 0.000000 
n12 0.002896 0.002146 0.003646 20.918262 -41.333250 83.169775 0.000000 0.000000 0.000000 0.000000 0.000000 
n13 0.003036 0.002709 0.003363 30.037605 -44.298879 104.374089 0.000000 0.000000 0.000000 0.000000 0.000000 
n14 0.002884 0.002137 0.003631 11.877616 -28.989020 52.744251 0.000000 0.000000 0.000000 0.000000 0.000000 
n15 0.003072 0.002782 0.003362 39.798732 -57.677033 137.274498 0.000000 0.000000 0.000000 0.000000 0.000000 
n16 0.002688 0.001859 0.003517 7.622601 -15.424466 30.669668 0.000000 0.000000 0.000000 0.000000 0.000000 
n17 0.003176 0.002589 0.003763 28.299018 -60.134970 116.733006 0.000000 0.000000 0.000000 0.000000 0.000000 
n18 0.002984 0.002369 0.003599 38.651851 -53.274975 130.578677 0.000000 0.000000 0.000000 0.000000 0.000000 
n19 0.002876 0.002559 0.003193 6.004129 -6.197930 18.206187 0.000000 0.000000 0.000000 0.000000 0.000000 
n20 0.002916 0.002136 0.003696 24.610006 -27.295439 76.515452 0.000000 0.000000 0.000000 0.000000 0.000000 
B 20 0.005 50000 5 
0.098280 0.094819 0.101741 
121.789757 86.885364 156.694150 
n1 0.004896 0.004084 0.005708 111.331033 -29.618359 252.280425 0.000000 0.000000 0.000000 0.000000 0.008696 
n2 0.004832 0.003898 0.005766 121.550462 -9.467634 252.568559 0.000000 0.000000 0.000000 0.000000 0.000000 
n3 0.004776 0.003909 0.005643 122.316534 -75.793784 320.426851 0.003745 0.000000 0.000000 0.000000 0.000000 
n4 0.004836 0.003996 0.005676 106.750713 -54.331061 267.832488 0.000000 0.025751 0.000000 0.015385 0.000000 
n5 0.004928 0.004119 0.005737 115.909823 23.439694 208.379953 0.004065 0.000000 0.000000 0.000000 0.000000 
n6 0.004988 0.003742 0.006234 112.205458 60.071792 164.339124 0.004149 0.000000 0.000000 0.000000 0.000000 
n7 0.004932 0.004097 0.005767 146.505207 33.214497 259.795918 0.013043 0.000000 0.003846 0.023077 0.000000 
n8 0.004848 0.004368 0.005328 87.337882 -11.763095 186.438858 0.000000 0.000000 0.035156 0.013043 0.000000 
n9 0.004892 0.003604 0.006180 113.860863 40.024548 187.697178 0.000000 0.000000 0.033473 0.000000 0.000000 
n10 0.004908 0.004029 0.005787 127.205640 -23.676850 278.088130 0.000000 0.000000 0.007905 0.003704 0.000000 
n11 0.004988 0.003671 0.006305 117.944005 -22.460872 258.348883 0.000000 0.000000 0.000000 0.000000 0.004049 
n12 0.004952 0.004276 0.005628 121.002539 3.810941 238.194138 0.004065 0.000000 0.025641 0.000000 0.015810 
n13 0.004768 0.004132 0.005404 129.203440 -81.774123 340.181004 0.020080 0.000000 0.000000 0.000000 0.000000 
n14 0.005048 0.004728 0.005368 121.071983 -8.908128 251.052095 0.000000 0.007968 0.007692 0.000000 0.000000 
n15 0.004800 0.003655 0.005945 67.223217 7.125053 127.321382 0.000000 0.000000 0.007782 0.000000 0.000000 
n16 0.004816 0.004043 0.005589 168.729615 25.506112 311.953118 0.000000 0.000000 0.003831 0.000000 0.000000 
n17 0.005064 0.004140 0.005988 151.352483 -27.795115 330.500081 0.000000 0.000000 0.000000 0.000000 0.000000 
n18 0.005108 0.004205 0.006011 103.446415 27.730259 179.162572 0.000000 0.000000 0.000000 0.000000 0.000000 
n19 0.005016 0.004278 0.005754 136.439783 39.427524 233.452042 0.000000 0.000000 0.011111 0.008403 0.027027 
n20 0.004884 0.004291 0.005477 152.158179 63.899524 240.416834 0.000000 0.000000 0.000000 0.000000 0.000000 
B 20 0.007 50000 5 
0.137704 0.131920 0.143488 
344.261823 278.439236 410.084409 
n1 0.007032 0.006041 0.008023 321.559639 42.677881 600.441396 0.003049 0.000000 0.002695 0.000000 0.000000 
n2 0.007200 0.006522 0.007878 318.137629 153.469597 482.805661 0.005450 0.000000 0.000000 0.002778 0.011142 
n3 0.006604 0.004874 0.008334 346.830166 -31.597498 725.257830 0.000000 0.000000 0.008403 0.013559 0.000000 
n4 0.006740 0.005797 0.007683 393.346979 -179.379596 966.073553 0.048632 0.000000 0.005698 0.000000 0.000000 
n5 0.007008 0.006573 0.007443 278.045411 -15.178308 571.269129 0.042440 0.047354 0.000000 0.000000 0.017045 
n6 0.006900 0.005823 0.007977 232.152936 10.227397 454.078476 0.025773 0.006061 0.000000 0.000000 0.002933 
n7 0.006876 0.005904 0.007848 240.361433 15.739588 464.983278 0.000000 0.039216 0.015106 0.000000 0.000000 
n8 0.006992 0.005296 0.008688 393.449043 106.850326 680.047760 0.019481 0.000000 0.021390 0.000000 0.000000 
n9 0.007004 0.005943 0.008065 292.545863 28.798181 556.293544 0.028329 0.008287 0.000000 0.018349 0.000000 
n10 0.006828 0.005584 0.008072 329.769488 65.162763 594.376213 0.003135 0.000000 0.040650 0.002770 0.015576 
n11 0.006760 0.005258 0.008262 487.480450 75.609531 899.351370 0.000000 0.000000 0.011561 0.000000 0.013289 
n12 0.006884 0.006120 0.007648 303.832174 -42.831843 650.496192 0.000000 0.034384 0.008380 0.000000 0.015152 
n13 0.006796 0.005484 0.008108 355.323472 140.544481 570.102462 0.008746 0.002994 0.016438 0.000000 0.000000 
n14 0.006856 0.005245 0.008467 328.070468 148.075869 508.065068 0.007772 0.000000 0.008499 0.025806 0.000000 
n15 0.006688 0.006200 0.007176 379.051053 224.724055 533.378051 0.003115 0.000000 0.017647 0.000000 0.000000 
n16 0.007108 0.006201 0.008015 448.054249 91.683155 804.425342 0.000000 0.019231 0.030691 0.000000 0.000000 
n17 0.007052 0.006003 0.008101 376.770740 -42.047027 795.588507 0.000000 0.000000 0.038043 0.000000 0.000000 
n18 0.006796 0.005848 0.007744 470.991204 -353.967039 1295.949447 0.006079 0.012048 0.010724 0.011696 0.000000 
n19 0.006692 0.005638 0.007746 273.813713 49.474781 498.152645 0.050746 0.021333 0.017647 0.000000 0.000000 
n20 0.006888 0.006413 0.007363 313.092629 280.864963 345.320294 0.000000 0.013928 0.000000 0.000000 0.002849 
B 20 0.01 50000 5 
0.195948 0.188213 0.203683 
679.329528 526.996634 831.662421 
n1 0.009848 0.008446 0.011250 802.341112 -346.807662 1951.489885 0.046122 0.025194 0.009506 0.000000 0.019531 
n2 0.009876 0.008467 0.011285 770.895438 319.040938 1222.749938 0.025440 0.006276 0.009597 0.000000 0.068687 
n3 0.009756 0.008790 0.010722 655.157807 91.672514 1218.643100 0.005964 0.021912 0.041588 0.000000 0.046000 
n4 0.009984 0.008761 0.011207 565.265955 324.652962 805.878947 0.000000 0.005769 0.009728 0.000000 0.011928 
n5 0.009636 0.007569 0.011703 658.842688 83.267404 1234.417972 0.000000 0.038306 0.011673 0.113924 0.000000 
n6 0.009876 0.009035 0.010717 824.486904 127.245947 1521.727861 0.017857 0.000000 0.066794 0.012474 0.002024 
n7 0.009656 0.008869 0.010443 557.751492 251.677809 863.825176 0.000000 0.026000 0.004090 0.012552 0.021442 
n8 0.009740 0.007796 0.011684 689.432056 346.178508 1032.685603 0.006961 0.078799 0.020952 0.000000 0.050000 
n9 0.009636 0.008396 0.010876 632.550712 -119.490356 1384.591780 0.015656 0.000000 0.006356 0.017822 0.000000 
n10 0.009704 0.008937 0.010471 528.529750 346.026947 711.032553 0.000000 0.022965 0.049900 0.001980 0.006098 
n11 0.010260 0.008597 0.011923 670.025949 -361.543788 1701.595686 0.000000 0.005682 0.005515 0.000000 0.060976 
n12 0.009936 0.008670 0.011202 728.402451 -95.493450 1552.298352 0.011257 0.006383 0.041905 0.000000 0.003953 
n13 0.009708 0.008222 0.011194 614.688378 -255.379514 1484.756270 0.063618 0.039548 0.003854 0.000000 0.000000 
n14 0.009676 0.008207 0.011145 622.210609 186.803000 1057.618219 0.000000 0.046414 0.014374 0.025591 0.012605 
n15 0.009496 0.007867 0.011125 678.610870 -129.479807 1486.701548 0.081028 0.000000 0.019724 0.055914 0.000000 
n16 0.009688 0.009015 0.010361 830.481396 -778.155608 2439.118400 0.012097 0.000000 0.000000 0.018405 0.008439 
n17 0.009912 0.009304 0.010520 639.662662 272.169395 1007.155928 0.013752 0.000000 0.004141 0.002041 0.000000 
n18 0.009840 0.008711 0.010969 668.956892 156.320400 1181.593384 0.000000 0.000000 0.031250 0.003802 0.000000 
n19 0.010112 0.008805 0.011419 706.365249 45.044335 1367.686164 0.005964 0.032454 0.026930 0.028626 0.009901 
n20 0.009608 0.008714 0.010502 736.389727 162.333257 1310.446198 0.000000 0.000000 0.000000 0.013645 0.000000 
B 20 0.02 50000 5 
0.371632 0.358565 0.384699 
2415.849008 1530.686201 3301.011815 
n1 0.019244 0.016676 0.021812 1494.644713 455.637539 2533.651887 0.064516 0.031504 0.050302 0.006931 0.019380 
n2 0.019096 0.013244 0.024948 2254.787786 -119.457248 4629.032821 0.045098 0.196058 0.023170 0.039101 0.019841 
n3 0.018684 0.015580 0.021788 2724.534562 -3679.531603 9128.600727 0.046557 0.187016 0.043260 0.012658 0.006198 
n4 0.017368 0.013363 0.021373 3314.153358 -1409.485604 8037.792320 0.183594 0.021008 0.131553 0.042051 0.270115 
n5 0.018524 0.016624 0.020424 1723.587095 -874.316610 4321.490799 0.103277 0.014985 0.073515 0.069036 0.020563 
n6 0.017888 0.014005 0.021771 1987.923702 513.487410 3462.359993 0.097837 0.006036 0.096473 0.164412 0.017876 
n7 0.018764 0.015742 0.021786 2243.838056 -828.332974 5316.009086 0.064351 0.139442 0.091797 0.000996 0.030723 
n8 0.017500 0.013037 0.021963 2470.027471 -1127.804354 6067.859295 0.029442 0.127789 0.242815 0.051844 0.162698 
n9 0.018968 0.016905 0.021031 2034.689485 -1271.604019 5340.982988 0.005994 0.035000 0.051587 0.074701 0.070466 
n10 0.018048 0.012477 0.023619 3168.739931 -2416.381488 8753.861350 0.058598 0.164938 0.182292 0.018664 0.097608 
n11 0.018968 0.015003 0.022933 3492.020973 -1205.323122 8189.365069 0.093750 0.057748 0.017734 0.012560 0.119839 
n12 0.019728 0.018211 0.021245 1717.645271 -175.196359 3610.486902 0.014170 0.019507 0.013659 0.021134 0.036634 
n13 0.019184 0.015501 0.022867 2771.588044 -861.000663 6404.176750 0.013078 0.009000 0.020854 0.021590 0.152218 
n14 0.019888 0.018144 0.021632 2871.759816 -1014.281196 6757.800829 0.020774 0.003964 0.028515 0.041372 0.020731 
n15 0.018332 0.012096 0.024568 3508.295437 -4637.200578 11653.791453 0.026104 0.129129 0.016023 0.045226 0.192017 
n16 0.018732 0.014453 0.023011 2171.616009 145.135508 4198.096510 0.022044 0.216797 0.084860 0.019368 0.064030 
n17 0.019000 0.016308 0.021692 1891.793180 -531.123952 4314.710312 0.092574 0.028846 0.113171 0.003083 0.008188 
n18 0.017012 0.009986 0.024038 2614.959896 -478.819625 5708.739418 0.043912 0.180639 0.037261 0.321503 0.104231 
n19 0.018296 0.014380 0.022212 2614.127324 -2388.079200 7616.333849 0.099613 0.049954 0.154382 0.067961 0.066184 
n20 0.018408 0.017622 0.019194 1930.619111 -510.807473 4372.045694 0.084493 0.097319 0.091797 0.063212 0.012632 
B 20 0.03 50000 5 
0.464232 0.443313 0.485151 
6035.910086 5000.070744 7071.749428 
n1 0.024148 0.013281 0.035015 5469.200506 -1371.639527 12310.040538 0.366234 0.176037 0.291098 0.007947 0.157502 
n2 0.023216 0.014228 0.032204 5488.628802 2116.915956 8860.341649 0.304464 0.121376 0.186248 0.075499 0.360109 
n3 0.022248 0.009431 0.035065 7149.946749 -653.036975 14952.930474 0.326503 0.091387 0.144909 0.280571 0.455805 
n4 0.023784 0.011277 0.036291 7371.941091 -5515.182074 20259.064256 0.266092 0.214898 0.092698 0.429615 0.113355 
n5 0.022104 0.010365 0.033843 7880.862639 -1887.494666 17649.219943 0.445538 0.291640 0.302789 0.092493 0.209948 
n6 0.021336 0.007761 0.034911 8168.904470 -660.678786 16998.487725 0.238398 0.287206 0.442980 0.087869 0.478036 
n7 0.022976 0.015668 0.030284 6823.180874 4645.372017 9000.989730 0.199480 0.148030 0.296689 0.306163 0.281947 
n8 0.024180 0.016912 0.031448 3731.936290 -576.355841 8040.228421 0.122699 0.224918 0.319811 0.186373 0.108179 
n9 0.021036 0.016883 0.025189 6986.301038 -1713.328149 15685.930225 0.259615 0.303010 0.361290 0.199176 0.341594 
n10 0.023648 0.014116 0.033180 5039.389985 -2363.193576 12441.973546 0.249677 0.019180 0.223072 0.280000 0.288845 
n11 0.024500 0.017396 0.031604 5299.854426 -1571.770253 12171.479104 0.154289 0.244358 0.284224 0.230196 0.068667 
n12 0.024384 0.017878 0.030890 6417.542246 399.904381 12435.180110 0.163588 0.130890 0.313131 0.158578 0.183660 
n13 0.020864 0.012811 0.028917 8742.919094 4000.012833 13485.825355 0.113273 0.317862 0.304147 0.404027 0.328309 
n14 0.025544 0.014990 0.036098 7068.328973 -4337.255299 18473.913245 0.034437 0.175639 0.099035 0.292453 0.107599 
n15 0.021636 0.016354 0.026918 8290.651564 -1802.082837 18383.385964 0.267402 0.359689 0.151748 0.191218 0.352903 
n16 0.021392 0.005187 0.037597 6620.335888 -7200.255986 20440.927762 0.139458 0.208306 0.333333 0.601215 0.179775 
n17 0.023320 0.015221 0.031419 4930.575535 -301.552085 10162.703156 0.164642 0.309264 0.106012 0.239041 0.266576 
n18 0.026540 0.019409 0.033671 4719.934582 -5448.520097 14888.389262 0.167619 0.216011 0.116734 0.010681 0.035221 
n19 0.021672 0.013643 0.029701 6701.077936 -41.826699 13443.982571 0.197987 0.247059 0.271338 0.283093 0.419107 
n20 0.025704 0.018713 0.032695 4249.696952 -2835.589059 11334.982963 0.165453 0.256221 0.161420 0.047239 0.057574 
B 20 0.04 50000 5 
0.485012 0.456377 0.513647 
9601.450824 8093.196901 11109.704747 
n1 0.023888 0.013440 0.034336 8288.659725 2026.883953 14550.435496 0.260979 0.529237 0.431818 0.365608 0.416584 
n2 0.024028 0.014722 0.033334 10446.944064 1456.099902 19437.788226 0.372105 0.378669 0.384615 0.552722 0.330348 
n3 0.023608 0.012376 0.034840 10222.109361 5651.486907 14792.731814 0.381592 0.259919 0.504397 0.496237 0.393555 
n4 0.021876 0.015519 0.028233 13591.683690 4948.906678 22234.460702 0.386187 0.484681 0.445905 0.455292 0.525977 
n5 0.025300 0.023134 0.027466 7248.177740 2762.126442 11734.229037 0.372781 0.350716 0.385226 0.384460 0.327744 
n6 0.020024 0.010451 0.029597 12449.581694 8651.437106 16247.726282 0.558105 0.601774 0.416707 0.409626 0.520907 
n7 0.024336 0.012252 0.036420 9459.056555 6293.329108 12624.784002 0.260329 0.479876 0.499005 0.397784 0.307884 
n8 0.028008 0.019324 0.036692 6703.414702 1911.804389 11495.025016 0.174051 0.416915 0.339500 0.247912 0.252736 
n9 0.027136 0.007763 0.046509 10213.260930 -6406.121130 26832.642991 0.525849 0.359860 0.376768 0.325109 0.073159 
n10 0.021380 0.009359 0.033401 11521.141077 -60.329378 23102.611532 0.567864 0.481773 0.588068 0.389147 0.313872 
n11 0.025420 0.015833 0.035007 9490.621205 455.303039 18525.939372 0.259472 0.392821 0.376243 0.322496 0.460809 
n12 0.024904 0.008197 0.041611 9910.505235 -295.064249 20116.074718 0.110604 0.475352 0.354937 0.417436 0.473140 
n13 0.023844 0.015119 0.032569 9687.732243 3056.959066 16318.505420 0.304020 0.500999 0.388475 0.448916 0.346960 
n14 0.022428 0.015468 0.029388 10890.817204 6208.798790 15572.835617 0.527104 0.430948 0.374174 0.396920 0.452451 
n15 0.025792 0.014118 0.037466 9017.040762 6373.479835 11660.601689 0.377910 0.432220 0.196316 0.388471 0.394984 
n16 0.023760 0.013671 0.033849 9772.232558 -33.771681 19578.236796 0.320969 0.397101 0.529382 0.342329 0.452772 
n17 0.023660 0.015774 0.031546 10145.290982 -1176.861267 21467.443231 0.457644 0.474217 0.367419 0.453858 0.300451 
n18 0.026396 0.010161 0.042631 9588.097911 6062.049221 13114.146600 0.372208 0.091001 0.447692 0.308980 0.439448 
n19 0.025552 0.006645 0.044459 10901.234517 -4957.973706 26760.442741 0.428571 0.183973 0.277805 0.405364 0.591638 
n20 0.023672 0.015639 0.031705 9945.056575 3935.553296 15954.559854 0.418689 0.442771 0.276055 0.389452 0.475622 
