0.001000 0.020092 0.019183 0.021001 1.095346 0.959508 1.231184 
0.003000 0.059456 0.057832 0.061080 23.274055 -6.494935 53.043045 
0.005000 0.098280 0.094819 0.101741 121.789757 86.885364 156.694150 
0.007000 0.137704 0.131920 0.143488 344.261823 278.439236 410.084409 
0.010000 0.195948 0.188213 0.203683 679.329528 526.996634 831.662421 
0.020000 0.371632 0.358565 0.384699 2415.849008 1530.686201 3301.011815 
0.030000 0.464232 0.443313 0.485151 6035.910086 5000.070744 7071.749428 
0.040000 0.485012 0.456377 0.513647 9601.450824 8093.196901 11109.704747 
0.050000 0.489172 0.464783 0.513561 12620.256649 11218.764717 14021.748581 
0.002000 0.039592 0.038270 0.040914 2.892001 -2.999832 8.783835 
0.004000 0.078880 0.075016 0.082744 62.871684 28.653837 97.089531 
0.006000 0.117896 0.111552 0.124240 228.968880 133.097842 324.839917 
0.008000 0.157232 0.150558 0.163906 422.353426 357.563375 487.143477 
0.009000 0.176488 0.168682 0.184294 543.294672 420.392555 666.196790 
0.001000 0.020092 0.019183 0.021001 1.063026 0.988529 1.137523 
0.002000 0.039612 0.038226 0.040998 1.154172 1.059571 1.248773 
0.003000 0.059520 0.057888 0.061152 1.281645 1.156165 1.407124 
0.004000 0.079164 0.075181 0.083147 1.374942 1.315520 1.434364 
0.005000 0.098640 0.094721 0.102559 1.506597 1.345607 1.667588 
0.006000 0.118584 0.112507 0.124661 1.659447 1.429209 1.889685 
0.007000 0.138860 0.131782 0.145938 1.861234 1.685492 2.036976 
0.008000 0.158780 0.151713 0.165847 2.187665 1.910375 2.464955 
0.009000 0.178792 0.169638 0.187946 2.532361 2.420227 2.644496 
0.010000 0.199180 0.190448 0.207912 3.608164 2.397810 4.818518 
0.020000 0.395444 0.385747 0.405141 539.815504 474.745795 604.885214 
0.030000 0.570820 0.552450 0.589190 2134.079945 1836.780951 2431.378939 
0.040000 0.709264 0.699480 0.719048 3792.902784 3028.070042 4557.735527 
0.050000 0.790216 0.768032 0.812400 5589.380135 4652.664845 6526.095425 
0.015000 0.299500 0.289772 0.309228 35.353817 -1.081760 71.789395 
0.017000 0.338528 0.328921 0.348135 165.184463 69.587281 260.781644 
0.018000 0.357868 0.346960 0.368776 264.762230 180.006094 349.518366 
0.019000 0.377148 0.366239 0.388057 409.336101 342.315840 476.356361 
