0.001000 0.020100 0.019206 0.020994 1.430182 0.343290 2.517074 
0.003000 0.059504 0.057882 0.061126 2.523955 2.061595 2.986315 
0.005000 0.098660 0.094497 0.102823 3.729597 2.897931 4.561263 
0.007000 0.138956 0.131312 0.146600 5.117397 4.426780 5.808014 
0.010000 0.199244 0.190843 0.207645 8.487443 7.163203 9.811683 
0.020000 0.379864 0.371690 0.388038 1034.346402 472.045098 1596.647705 
0.030000 0.376732 0.372723 0.380741 9156.333487 8626.958377 9685.708597 
0.040000 0.376616 0.373921 0.379311 13075.042958 12873.475952 13276.609963 
0.050000 0.376700 0.372914 0.380486 15437.315472 15119.564624 15755.066319 
0.002000 0.039600 0.038269 0.040931 2.026110 1.610931 2.441289 
0.004000 0.079144 0.075292 0.082996 2.915689 2.550377 3.281001 
0.006000 0.118420 0.112365 0.124475 4.230441 3.573319 4.887564 
0.008000 0.158892 0.151667 0.166117 6.167001 5.435984 6.898017 
0.009000 0.178972 0.169467 0.188477 7.150185 6.052878 8.247492 
0.040000 0.376616 0.373921 0.379311 13075.042958 12873.475952 13276.609963 
0.010000 0.199244 0.190843 0.207645 8.487443 7.163203 9.811683 
0.001000 0.020100 0.019206 0.020994 1.430182 0.343290 2.517074 
0.015000 0.299816 0.290726 0.308906 19.609450 18.722658 20.496243 
0.017000 0.338984 0.326601 0.351367 31.305652 23.272598 39.338706 
0.018000 0.358584 0.349993 0.367175 46.709499 35.779771 57.639227 
0.019000 0.378316 0.371843 0.384789 79.920726 42.176516 117.664937 
0.020000 0.379864 0.371690 0.388038 1034.346402 472.045098 1596.647705 
0.019000 0.378316 0.371843 0.384789 79.920726 42.176516 117.664937 
0.019990 0.383656 0.368022 0.399290 869.869364 -413.768045 2153.506772 
0.019500 0.387100 0.378321 0.395879 174.970395 -40.454324 390.395114 
