0.001000 0.020084 0.019185 0.020983 10.542121 9.867815 11.216427 
0.003000 0.059496 0.057845 0.061147 11.034711 10.756354 11.313068 
0.005000 0.098636 0.094771 0.102501 11.496101 11.110295 11.881907 
0.007000 0.138864 0.131555 0.146173 11.968849 11.660495 12.277203 
0.010000 0.199176 0.190502 0.207850 12.872375 12.754127 12.990623 
0.020000 0.399664 0.389705 0.409623 16.798908 16.394751 17.203065 
0.030000 0.600228 0.584910 0.615546 24.628745 23.940627 25.316863 
0.040000 0.798680 0.787116 0.810244 47.509933 44.879553 50.140314 
0.050000 0.982704 0.977115 0.988293 506.978936 368.200624 645.757247 
0.002000 0.039608 0.038198 0.041018 10.857864 10.616056 11.099673 
0.004000 0.079172 0.075182 0.083162 11.235039 10.898932 11.571147 
0.006000 0.118576 0.112459 0.124693 11.735053 11.442584 12.027523 
0.008000 0.158764 0.151535 0.165993 12.225883 11.911772 12.539993 
0.009000 0.178728 0.169721 0.187735 12.535601 12.382121 12.689080 
0.040000 0.798680 0.787116 0.810244 47.509933 44.879553 50.140314 
0.015000 0.299532 0.290206 0.308858 14.526127 14.327383 14.724872 
0.017000 0.339520 0.329690 0.349350 15.357761 15.181443 15.534080 
0.018000 0.359828 0.349237 0.370419 15.806143 15.558821 16.053464 
0.019000 0.380232 0.370696 0.389768 16.297781 15.913525 16.682038 
