0.001000 0.020096 0.019194 0.020998 1.226683 0.857648 1.595718 
0.003000 0.059500 0.057914 0.061086 1.773975 1.584789 1.963162 
0.005000 0.098668 0.094795 0.102541 2.294533 1.902361 2.686706 
0.007000 0.138864 0.131579 0.146149 2.991016 2.343759 3.638273 
0.010000 0.199252 0.190592 0.207912 4.624124 4.110889 5.137359 
0.020000 0.251988 0.246863 0.257113 8927.989161 8404.057666 9451.920656 
0.030000 0.250416 0.245073 0.255759 14417.991283 13999.738138 14836.244428 
0.040000 0.250716 0.247391 0.254041 16990.398788 16838.813391 17141.984185 
0.050000 0.251112 0.247047 0.255177 18618.000772 18314.128257 18921.873286 
0.002000 0.039624 0.038205 0.041043 1.484938 1.197330 1.772546 
0.004000 0.079188 0.075239 0.083137 2.027137 1.782084 2.272190 
0.006000 0.118620 0.112571 0.124669 2.650681 2.557738 2.743623 
0.008000 0.158804 0.151710 0.165898 3.541008 3.110190 3.971825 
0.009000 0.178708 0.169719 0.187697 3.930656 3.693960 4.167353 
0.040000 0.249220 nan nan 17072.583982 nan nan 
0.040000 0.250716 0.247391 0.254041 16990.398788 16838.813391 17141.984185 
0.010000 0.199252 0.190592 0.207912 4.624124 4.110889 5.137359 
0.015000 0.299560 0.290364 0.308756 10.530045 8.120660 12.939431 
0.017000 0.288496 0.195230 0.381762 2754.014382 -4539.070780 10047.099544 
0.018000 0.272060 0.214831 0.329289 4775.102154 -1151.944327 10702.148635 
0.019000 0.253572 0.244778 0.262366 7863.755218 5999.498761 9728.011675 
